(
    NamespaceId25(
        VerifyingKey(CompressedEdwardsY: [67, 39, 249, 32, 63, 84, 92, 166, 248, 12, 69, 242, 230, 214, 25, 87, 49, 183, 55, 92, 134, 1, 219, 147, 62, 58, 27, 151, 202, 209, 20, 7]), EdwardsPoint{
        	X: FieldElement51([1503976257918898, 1099065543836161, 2119108736066746, 1734539175465118, 1443511486545630]),
        	Y: FieldElement51([766316441081320, 595911175664491, 343646777037225, 1032438870933220, 2081591344191736]),
        	Z: FieldElement51([342409519010087, 440581531759666, 360654642866906, 94327430543725, 732401836866711]),
        	T: FieldElement51([554298672849922, 427723498669032, 1718066506940793, 1843559902845099, 1807780027877994])
        }),
    ),
    Range3d {
        subspaces: Range {
            start: SubspaceId25(
                [
                    0,
                    0,
                    0,
                    0,
                    255,
                    255,
                    255,
                    255,
                    255,
                    255,
                    255,
                    255,
                    255,
                    255,
                    255,
                    10,
                    10,
                    10,
                    10,
                    10,
                    10,
                    10,
                    10,
                    10,
                    10,
                    10,
                    10,
                    10,
                    10,
                    10,
                    44,
                    10,
                ],
            ),
            end: Closed(
                SubspaceId25(
                    [
                        0,
                        0,
                        0,
                        10,
                        10,
                        255,
                        255,
                        255,
                        255,
                        255,
                        255,
                        255,
                        255,
                        255,
                        255,
                        255,
                        255,
                        255,
                        255,
                        255,
                        255,
                        255,
                        255,
                        255,
                        255,
                        255,
                        115,
                        115,
                        115,
                        115,
                        115,
                        115,
                    ],
                ),
            ),
        },
        paths: Range {
            start: Path(
                [],
            ),
            end: Open,
        },
        times: Range {
            start: 18446744073709551615,
            end: Open,
        },
    },
)