(
    NamespaceId25(
        VerifyingKey(CompressedEdwardsY: [78, 133, 227, 216, 23, 142, 229, 146, 30, 46, 199, 211, 69, 62, 37, 246, 143, 251, 9, 138, 3, 210, 244, 154, 232, 96, 113, 30, 67, 117, 88, 9]), EdwardsPoint{
        	X: FieldElement51([2180138754143289, 871500236991581, 777773645988483, 1256272052241647, 990620489422645]),
        	Y: FieldElement51([1974157105724373, 977389380658370, 803933426860521, 1283376226578021, 550107545908567]),
        	Z: FieldElement51([2041769369365778, 1081271776204384, 1941681871344548, 709274945560376, 1718645279720062]),
        	T: FieldElement51([1598389325634853, 1398628154614220, 606386928136317, 1685820499018804, 1742456300748967])
        }),
    ),
    Range3d {
        subspaces: Range {
            start: SubspaceId25(
                [
                    0,
                    0,
                    0,
                    0,
                    255,
                    255,
                    255,
                    255,
                    255,
                    255,
                    255,
                    255,
                    255,
                    255,
                    255,
                    10,
                    10,
                    255,
                    255,
                    115,
                    115,
                    115,
                    115,
                    115,
                    115,
                    255,
                    255,
                    255,
                    255,
                    255,
                    255,
                    255,
                ],
            ),
            end: Closed(
                SubspaceId25(
                    [
                        255,
                        255,
                        255,
                        255,
                        255,
                        255,
                        255,
                        255,
                        255,
                        255,
                        255,
                        255,
                        255,
                        255,
                        37,
                        255,
                        255,
                        255,
                        255,
                        255,
                        255,
                        255,
                        255,
                        255,
                        255,
                        255,
                        255,
                        38,
                        255,
                        0,
                        0,
                        0,
                    ],
                ),
            ),
        },
        paths: Range {
            start: Path(
                [],
            ),
            end: Open,
        },
        times: Range {
            start: 18446744073709551615,
            end: Open,
        },
    },
)