(
    NamespaceId25(
        VerifyingKey(CompressedEdwardsY: [175, 242, 143, 118, 33, 221, 146, 11, 210, 40, 103, 134, 34, 219, 250, 112, 238, 18, 27, 85, 203, 40, 81, 8, 123, 220, 109, 178, 206, 61, 188, 254]), EdwardsPoint{
        	X: FieldElement51([1372774787690289, 620979032232735, 822806686354681, 2206796507041465, 1967165682631275]),
        	Y: FieldElement51([906774133193942, 1568371290545322, 1877870382976989, 1840071218895215, 1812127804647946]),
        	Z: FieldElement51([1050657083680593, 1622417148467816, 561193753070613, 1134287723940425, 789440396200561]),
        	T: FieldElement51([1527846578137432, 680641894059324, 732099991442409, 780253753456900, 510232507914293])
        }),
    ),
    Range3d {
        subspaces: Range {
            start: SubspaceId25(
                [
                    255,
                    255,
                    255,
                    255,
                    255,
                    255,
                    37,
                    37,
                    37,
                    37,
                    37,
                    37,
                    37,
                    37,
                    37,
                    37,
                    37,
                    37,
                    37,
                    37,
                    37,
                    37,
                    37,
                    37,
                    37,
                    37,
                    37,
                    37,
                    255,
                    255,
                    247,
                    255,
                ],
            ),
            end: Closed(
                SubspaceId25(
                    [
                        255,
                        255,
                        255,
                        255,
                        255,
                        255,
                        223,
                        255,
                        255,
                        255,
                        255,
                        255,
                        255,
                        255,
                        255,
                        255,
                        255,
                        255,
                        255,
                        0,
                        0,
                        0,
                        0,
                        255,
                        255,
                        255,
                        255,
                        255,
                        255,
                        255,
                        255,
                        255,
                    ],
                ),
            ),
        },
        paths: Range {
            start: Path(
                [],
            ),
            end: Open,
        },
        times: Range {
            start: 18446744073709551615,
            end: Open,
        },
    },
)