(
    NamespaceId25(
        VerifyingKey(CompressedEdwardsY: [229, 122, 239, 83, 22, 180, 3, 150, 170, 33, 179, 234, 159, 160, 137, 237, 184, 183, 93, 29, 196, 30, 232, 239, 120, 33, 147, 174, 156, 63, 206, 254]), EdwardsPoint{
        	X: FieldElement51([1677214987418054, 1238502628894033, 614569542432950, 1908897256429413, 1036229630168956]),
        	Y: FieldElement51([605240720637906, 640303698384258, 1094428798273876, 1213883746850079, 1677425991901860]),
        	Z: FieldElement51([1258858910257672, 1321737341679738, 1333254147970220, 1944933964797597, 1843755724235672]),
        	T: FieldElement51([1641788626907627, 343264000652416, 1445419016823320, 858640028721719, 280587426345862])
        }),
    ),
    Range3d {
        subspaces: Range {
            start: SubspaceId25(
                [
                    255,
                    255,
                    255,
                    255,
                    255,
                    255,
                    37,
                    37,
                    37,
                    37,
                    37,
                    37,
                    37,
                    37,
                    37,
                    37,
                    37,
                    37,
                    37,
                    37,
                    37,
                    37,
                    37,
                    37,
                    37,
                    37,
                    37,
                    37,
                    255,
                    255,
                    247,
                    255,
                ],
            ),
            end: Closed(
                SubspaceId25(
                    [
                        255,
                        255,
                        255,
                        255,
                        255,
                        255,
                        223,
                        255,
                        255,
                        255,
                        255,
                        255,
                        255,
                        255,
                        255,
                        255,
                        255,
                        255,
                        255,
                        0,
                        0,
                        0,
                        0,
                        255,
                        255,
                        255,
                        255,
                        255,
                        255,
                        255,
                        255,
                        255,
                    ],
                ),
            ),
        },
        paths: Range {
            start: Path(
                [],
            ),
            end: Open,
        },
        times: Range {
            start: 18446744073698803711,
            end: Open,
        },
    },
)