(
    NamespaceId25(
        VerifyingKey(CompressedEdwardsY: [152, 25, 91, 164, 112, 163, 61, 161, 70, 210, 141, 186, 15, 70, 84, 146, 162, 121, 141, 13, 53, 228, 35, 184, 201, 92, 22, 158, 91, 229, 66, 254]), EdwardsPoint{
        	X: FieldElement51([1605751544451225, 918863311993921, 1548123788339610, 1382467665740423, 11201495076773]),
        	Y: FieldElement51([947994573256740, 334636036587183, 2210058354091491, 528719097819967, 1799249554351013]),
        	Z: FieldElement51([619320887396884, 1590278016828151, 1713899164182197, 1642256656569804, 1656144319120178]),
        	T: FieldElement51([1276958113597453, 1369232392083970, 2200910748216915, 561340444009079, 1450855927162628])
        }),
    ),
    Range3d {
        subspaces: Range {
            start: SubspaceId25(
                [
                    255,
                    255,
                    255,
                    255,
                    255,
                    255,
                    29,
                    255,
                    255,
                    255,
                    255,
                    255,
                    255,
                    255,
                    255,
                    255,
                    255,
                    255,
                    255,
                    191,
                    255,
                    255,
                    255,
                    255,
                    255,
                    255,
                    255,
                    255,
                    64,
                    255,
                    255,
                    255,
                ],
            ),
            end: Open,
        },
        paths: Range {
            start: Path(
                [
                    Component(
                        [
                            255,
                            255,
                            255,
                            40,
                            255,
                            255,
                            255,
                            255,
                            255,
                            255,
                            255,
                            255,
                            255,
                            255,
                            255,
                        ],
                    ),
                    Component(
                        [
                            0,
                        ],
                    ),
                    Component(
                        [],
                    ),
                    Component(
                        [],
                    ),
                ],
            ),
            end: Open,
        },
        times: Range {
            start: 18446744073709551615,
            end: Open,
        },
    },
)