(
    NamespaceId25(
        VerifyingKey(CompressedEdwardsY: [189, 231, 225, 0, 135, 76, 174, 205, 155, 79, 240, 155, 80, 9, 108, 112, 92, 167, 98, 244, 82, 175, 206, 64, 223, 0, 242, 9, 173, 249, 78, 254]), EdwardsPoint{
        	X: FieldElement51([827637904169214, 285378923787521, 1584383082596481, 2078046237026736, 1632461174794583]),
        	Y: FieldElement51([1235613468807920, 1017756884396899, 123648256880211, 290402217059856, 947447144257564]),
        	Z: FieldElement51([1322534826749040, 1303371209242256, 1494948492507977, 1187168063918025, 126916419776168]),
        	T: FieldElement51([1015470442842583, 26563120204741, 1750818689143698, 28052469725916, 1190864874986471])
        }),
    ),
    Range3d {
        subspaces: Range {
            start: SubspaceId25(
                [
                    42,
                    103,
                    103,
                    103,
                    103,
                    189,
                    103,
                    103,
                    103,
                    103,
                    103,
                    103,
                    103,
                    103,
                    103,
                    103,
                    103,
                    103,
                    103,
                    255,
                    255,
                    255,
                    255,
                    255,
                    255,
                    255,
                    255,
                    255,
                    255,
                    255,
                    255,
                    255,
                ],
            ),
            end: Closed(
                SubspaceId25(
                    [
                        255,
                        255,
                        255,
                        255,
                        255,
                        255,
                        255,
                        255,
                        255,
                        255,
                        255,
                        255,
                        255,
                        255,
                        255,
                        255,
                        255,
                        103,
                        103,
                        255,
                        255,
                        255,
                        255,
                        255,
                        255,
                        255,
                        255,
                        255,
                        127,
                        255,
                        255,
                        42,
                    ],
                ),
            ),
        },
        paths: Range {
            start: Path(
                [],
            ),
            end: Open,
        },
        times: Range {
            start: 18446744073709551615,
            end: Open,
        },
    },
)