(
    NamespaceId25(
        VerifyingKey(CompressedEdwardsY: [101, 97, 76, 108, 200, 228, 244, 48, 26, 236, 139, 237, 218, 111, 158, 252, 227, 249, 203, 218, 199, 241, 152, 254, 142, 110, 190, 205, 149, 103, 28, 118]), EdwardsPoint{
        	X: FieldElement51([948391589123571, 1498511384095994, 646035829885909, 529778817197188, 1205242451637288]),
        	Y: FieldElement51([1227534777943262, 1754502217623962, 1149906783463087, 437741651826171, 977823755430428]),
        	Z: FieldElement51([1754676998633026, 587397625175088, 753333104402303, 1037502179946347, 455056294056130]),
        	T: FieldElement51([10717314332706, 795128968372964, 1398082745939344, 1929287857810836, 1008599029934782])
        }),
    ),
    Range3d {
        subspaces: Range {
            start: SubspaceId25(
                [
                    0,
                    0,
                    0,
                    0,
                    255,
                    255,
                    255,
                    255,
                    255,
                    255,
                    255,
                    255,
                    255,
                    37,
                    37,
                    37,
                    37,
                    37,
                    37,
                    37,
                    37,
                    37,
                    37,
                    37,
                    37,
                    37,
                    37,
                    37,
                    37,
                    37,
                    37,
                    1,
                ],
            ),
            end: Closed(
                SubspaceId25(
                    [
                        0,
                        0,
                        0,
                        37,
                        37,
                        37,
                        255,
                        255,
                        255,
                        255,
                        255,
                        255,
                        255,
                        255,
                        255,
                        255,
                        255,
                        255,
                        255,
                        0,
                        0,
                        0,
                        0,
                        255,
                        255,
                        255,
                        255,
                        255,
                        255,
                        255,
                        255,
                        255,
                    ],
                ),
            ),
        },
        paths: Range {
            start: Path(
                [],
            ),
            end: Open,
        },
        times: Range {
            start: 18422537225712435173,
            end: Open,
        },
    },
)