(
    NamespaceId25(
        VerifyingKey(CompressedEdwardsY: [149, 205, 70, 158, 219, 186, 67, 249, 246, 92, 8, 37, 239, 129, 208, 9, 53, 33, 159, 30, 152, 116, 109, 152, 61, 5, 243, 147, 102, 25, 216, 61]), EdwardsPoint{
        	X: FieldElement51([420636432001453, 460479587669877, 1228595395899395, 1430968907448500, 1968376599316247]),
        	Y: FieldElement51([1792478806995522, 1381168661912415, 1076378148225650, 1846912098292897, 1491880618616539]),
        	Z: FieldElement51([1002147488502135, 719973152934988, 770691509191354, 245703004421516, 823725185404742]),
        	T: FieldElement51([819982970190751, 1748289471663407, 1783517862266914, 1088909422456371, 2179909677580054])
        }),
    ),
    Range3d {
        subspaces: Range {
            start: SubspaceId25(
                [
                    0,
                    0,
                    0,
                    0,
                    8,
                    255,
                    255,
                    255,
                    255,
                    255,
                    255,
                    255,
                    255,
                    255,
                    255,
                    255,
                    255,
                    255,
                    255,
                    255,
                    255,
                    37,
                    37,
                    37,
                    37,
                    37,
                    37,
                    37,
                    37,
                    37,
                    37,
                    37,
                ],
            ),
            end: Closed(
                SubspaceId25(
                    [
                        247,
                        251,
                        255,
                        255,
                        255,
                        255,
                        42,
                        255,
                        255,
                        255,
                        255,
                        255,
                        255,
                        255,
                        255,
                        255,
                        255,
                        255,
                        255,
                        255,
                        255,
                        37,
                        37,
                        37,
                        37,
                        37,
                        37,
                        191,
                        255,
                        255,
                        37,
                        37,
                    ],
                ),
            ),
        },
        paths: Range {
            start: Path(
                [
                    Component(
                        [
                            255,
                            255,
                            255,
                            255,
                            255,
                            255,
                            255,
                            255,
                            255,
                            255,
                            255,
                            255,
                            42,
                            255,
                            255,
                        ],
                    ),
                    Component(
                        [
                            255,
                            255,
                            247,
                            255,
                            255,
                            255,
                            255,
                            255,
                            255,
                            255,
                            255,
                            255,
                            255,
                            255,
                            255,
                        ],
                    ),
                    Component(
                        [
                            255,
                            255,
                            255,
                            255,
                            255,
                            255,
                            255,
                            255,
                        ],
                    ),
                    Component(
                        [],
                    ),
                    Component(
                        [],
                    ),
                    Component(
                        [],
                    ),
                    Component(
                        [],
                    ),
                    Component(
                        [],
                    ),
                    Component(
                        [],
                    ),
                    Component(
                        [],
                    ),
                    Component(
                        [],
                    ),
                    Component(
                        [],
                    ),
                    Component(
                        [],
                    ),
                    Component(
                        [],
                    ),
                    Component(
                        [],
                    ),
                ],
            ),
            end: Open,
        },
        times: Range {
            start: 18446744073709551615,
            end: Open,
        },
    },
)