(
    NamespaceId25(
        VerifyingKey(CompressedEdwardsY: [140, 206, 85, 6, 176, 35, 33, 97, 231, 184, 39, 147, 19, 230, 163, 96, 97, 214, 232, 218, 94, 186, 161, 29, 102, 133, 17, 56, 36, 198, 169, 66]), EdwardsPoint{
        	X: FieldElement51([1272025504925293, 1463052690544221, 930597667870469, 320915912243315, 583446175277602]),
        	Y: FieldElement51([1758816104117764, 601926560333116, 1246902347567332, 580153045880181, 549765804397691]),
        	Z: FieldElement51([342147723718121, 883238409130702, 1497773275015120, 1396003264317876, 687265531021407]),
        	T: FieldElement51([611672544912162, 1045727898666583, 1357683360276637, 732655354470306, 1482747030461800])
        }),
    ),
    Range3d {
        subspaces: Range {
            start: SubspaceId25(
                [
                    0,
                    0,
                    0,
                    0,
                    255,
                    255,
                    255,
                    255,
                    255,
                    255,
                    255,
                    255,
                    255,
                    255,
                    255,
                    10,
                    10,
                    10,
                    10,
                    10,
                    10,
                    10,
                    10,
                    10,
                    10,
                    10,
                    10,
                    10,
                    10,
                    10,
                    44,
                    10,
                ],
            ),
            end: Closed(
                SubspaceId25(
                    [
                        0,
                        0,
                        0,
                        10,
                        10,
                        255,
                        255,
                        255,
                        255,
                        255,
                        255,
                        255,
                        255,
                        255,
                        255,
                        255,
                        255,
                        255,
                        255,
                        255,
                        255,
                        255,
                        255,
                        255,
                        255,
                        255,
                        115,
                        115,
                        115,
                        115,
                        115,
                        115,
                    ],
                ),
            ),
        },
        paths: Range {
            start: Path(
                [],
            ),
            end: Open,
        },
        times: Range {
            start: 18446744073709551615,
            end: Open,
        },
    },
)