(
    NamespaceId25(
        VerifyingKey(CompressedEdwardsY: [193, 21, 125, 209, 212, 17, 225, 224, 185, 158, 178, 242, 85, 25, 99, 73, 74, 9, 183, 146, 81, 168, 141, 183, 56, 116, 8, 32, 10, 68, 61, 254]), EdwardsPoint{
        	X: FieldElement51([1356883613185831, 1145709160552940, 1752698228924312, 2085444276508741, 1852107511842179]),
        	Y: FieldElement51([1097140635644043, 630855120920004, 2051876885676766, 686355594086510, 364851574701742]),
        	Z: FieldElement51([646179650199882, 2202599799807709, 1574322868295754, 803553836625825, 895741589864234]),
        	T: FieldElement51([477697937905841, 1566170111463359, 537320157396888, 444305062500609, 1776597667373198])
        }),
    ),
    Range3d {
        subspaces: Range {
            start: SubspaceId25(
                [
                    42,
                    103,
                    103,
                    103,
                    103,
                    189,
                    103,
                    103,
                    103,
                    103,
                    103,
                    103,
                    103,
                    103,
                    103,
                    103,
                    103,
                    103,
                    103,
                    255,
                    255,
                    255,
                    255,
                    255,
                    255,
                    255,
                    255,
                    234,
                    0,
                    0,
                    0,
                    0,
                ],
            ),
            end: Closed(
                SubspaceId25(
                    [
                        255,
                        255,
                        255,
                        255,
                        255,
                        255,
                        255,
                        255,
                        255,
                        255,
                        255,
                        255,
                        255,
                        255,
                        255,
                        255,
                        255,
                        103,
                        103,
                        255,
                        255,
                        255,
                        255,
                        255,
                        255,
                        255,
                        255,
                        255,
                        127,
                        255,
                        255,
                        42,
                    ],
                ),
            ),
        },
        paths: Range {
            start: Path(
                [],
            ),
            end: Open,
        },
        times: Range {
            start: 18446744073709551615,
            end: Open,
        },
    },
)