(
    NamespaceId25(
        VerifyingKey(CompressedEdwardsY: [129, 90, 197, 73, 73, 198, 73, 148, 116, 215, 10, 146, 141, 36, 118, 119, 129, 240, 46, 125, 55, 168, 25, 208, 133, 87, 151, 83, 35, 164, 196, 90]), EdwardsPoint{
        	X: FieldElement51([1356648666714690, 1680886245519843, 1653166171985860, 1192571524527740, 493576379149628]),
        	Y: FieldElement51([2090527890515479, 125202167799828, 468442266518721, 726650362238766, 281274404884380]),
        	Z: FieldElement51([1623823011772679, 1778918090827313, 1324117686191915, 908303161501378, 2052796572369559]),
        	T: FieldElement51([886073392529056, 1223207323438582, 827727158187061, 908967553209606, 1024844915897130])
        }),
    ),
    Range3d {
        subspaces: Range {
            start: SubspaceId25(
                [
                    0,
                    0,
                    0,
                    0,
                    8,
                    255,
                    255,
                    255,
                    255,
                    255,
                    255,
                    255,
                    255,
                    255,
                    255,
                    255,
                    255,
                    255,
                    255,
                    255,
                    255,
                    37,
                    37,
                    37,
                    37,
                    37,
                    37,
                    37,
                    37,
                    37,
                    37,
                    37,
                ],
            ),
            end: Closed(
                SubspaceId25(
                    [
                        247,
                        251,
                        255,
                        255,
                        255,
                        255,
                        42,
                        255,
                        255,
                        255,
                        255,
                        255,
                        255,
                        255,
                        255,
                        255,
                        255,
                        255,
                        255,
                        255,
                        255,
                        37,
                        37,
                        37,
                        37,
                        37,
                        37,
                        191,
                        255,
                        255,
                        37,
                        37,
                    ],
                ),
            ),
        },
        paths: Range {
            start: Path(
                [
                    Component(
                        [
                            255,
                            255,
                            255,
                            255,
                            255,
                            255,
                            255,
                            255,
                            255,
                            255,
                            255,
                            255,
                            42,
                            255,
                            255,
                        ],
                    ),
                    Component(
                        [
                            255,
                            255,
                            247,
                            255,
                            255,
                            255,
                            255,
                            255,
                            255,
                            255,
                            255,
                            255,
                            255,
                            255,
                            255,
                        ],
                    ),
                    Component(
                        [
                            255,
                            255,
                            255,
                            255,
                            255,
                            255,
                            255,
                            255,
                        ],
                    ),
                    Component(
                        [],
                    ),
                    Component(
                        [],
                    ),
                    Component(
                        [],
                    ),
                    Component(
                        [],
                    ),
                    Component(
                        [],
                    ),
                    Component(
                        [],
                    ),
                    Component(
                        [],
                    ),
                    Component(
                        [],
                    ),
                    Component(
                        [],
                    ),
                    Component(
                        [],
                    ),
                    Component(
                        [],
                    ),
                    Component(
                        [],
                    ),
                ],
            ),
            end: Open,
        },
        times: Range {
            start: 18446744073709551615,
            end: Open,
        },
    },
)