(
    NamespaceId25(
        VerifyingKey(CompressedEdwardsY: [68, 93, 235, 7, 126, 240, 0, 207, 174, 185, 216, 195, 210, 24, 137, 136, 2, 235, 107, 78, 71, 42, 49, 246, 32, 180, 16, 115, 138, 32, 84, 255]), EdwardsPoint{
        	X: FieldElement51([1797585739069236, 1794910822058763, 1129577922804079, 1187445732843263, 2036042819788435]),
        	Y: FieldElement51([968249123747923, 1549394565719265, 522655537219024, 1857538958361964, 1939639025385817]),
        	Z: FieldElement51([1033307063496140, 1895543290427827, 2072869865872866, 188906104901346, 636240823865422]),
        	T: FieldElement51([347313271330385, 2104478817850810, 1116302715649536, 200847913270698, 1914667788941318])
        }),
    ),
    Range3d {
        subspaces: Range {
            start: SubspaceId25(
                [
                    37,
                    37,
                    255,
                    0,
                    255,
                    255,
                    255,
                    255,
                    0,
                    0,
                    0,
                    0,
                    255,
                    255,
                    255,
                    255,
                    255,
                    178,
                    255,
                    251,
                    255,
                    255,
                    255,
                    41,
                    37,
                    37,
                    37,
                    37,
                    37,
                    37,
                    37,
                    37,
                ],
            ),
            end: Closed(
                SubspaceId25(
                    [
                        37,
                        37,
                        255,
                        255,
                        105,
                        255,
                        255,
                        255,
                        255,
                        255,
                        255,
                        255,
                        255,
                        35,
                        255,
                        255,
                        255,
                        255,
                        255,
                        255,
                        255,
                        255,
                        255,
                        255,
                        37,
                        247,
                        251,
                        255,
                        255,
                        255,
                        255,
                        42,
                    ],
                ),
            ),
        },
        paths: Range {
            start: Path(
                [],
            ),
            end: Open,
        },
        times: Range {
            start: 18446744073709551615,
            end: Open,
        },
    },
)