Range3d {
    subspaces: Range {
        start: SubspaceId25(
            [
                0,
                0,
                8,
                0,
                0,
                0,
                0,
                0,
                0,
                0,
                0,
                0,
                0,
                255,
                255,
                255,
                255,
                255,
                255,
                255,
                255,
                255,
                255,
                211,
                211,
                211,
                211,
                211,
                211,
                211,
                211,
                0,
            ],
        ),
        end: Closed(
            SubspaceId25(
                [
                    0,
                    0,
                    255,
                    255,
                    255,
                    255,
                    0,
                    0,
                    0,
                    0,
                    0,
                    221,
                    0,
                    0,
                    0,
                    0,
                    0,
                    0,
                    0,
                    0,
                    255,
                    255,
                    255,
                    255,
                    255,
                    9,
                    3,
                    0,
                    0,
                    0,
                    0,
                    0,
                ],
            ),
        ),
    },
    paths: Range {
        start: Path(
            [],
        ),
        end: Open,
    },
    times: Range {
        start: 18446744073709551615,
        end: Open,
    },
}