Range3d {
    subspaces: Range {
        start: SubspaceId25(
            [
                0,
                0,
                249,
                76,
                249,
                255,
                255,
                255,
                255,
                255,
                255,
                255,
                255,
                255,
                255,
                255,
                255,
                255,
                255,
                255,
                255,
                255,
                255,
                255,
                255,
                255,
                255,
                0,
                255,
                255,
                255,
                249,
            ],
        ),
        end: Closed(
            SubspaceId25(
                [
                    9,
                    3,
                    0,
                    0,
                    0,
                    0,
                    0,
                    0,
                    0,
                    0,
                    0,
                    0,
                    0,
                    10,
                    0,
                    0,
                    0,
                    0,
                    0,
                    0,
                    0,
                    255,
                    255,
                    255,
                    255,
                    255,
                    255,
                    255,
                    223,
                    255,
                    255,
                    211,
                ],
            ),
        ),
    },
    paths: Range {
        start: Path(
            [],
        ),
        end: Open,
    },
    times: Range {
        start: 18014398509681151,
        end: Open,
    },
}