Range3d {
    subspaces: Range {
        start: SubspaceId25(
            [
                0,
                0,
                0,
                0,
                0,
                0,
                0,
                0,
                0,
                0,
                0,
                70,
                0,
                0,
                0,
                0,
                0,
                0,
                255,
                255,
                1,
                255,
                255,
                255,
                255,
                31,
                0,
                0,
                0,
                0,
                0,
                0,
            ],
        ),
        end: Closed(
            SubspaceId25(
                [
                    0,
                    0,
                    0,
                    0,
                    0,
                    0,
                    0,
                    211,
                    211,
                    211,
                    211,
                    211,
                    255,
                    255,
                    255,
                    255,
                    255,
                    255,
                    255,
                    255,
                    255,
                    255,
                    255,
                    255,
                    3,
                    0,
                    0,
                    0,
                    255,
                    255,
                    255,
                    255,
                ],
            ),
        ),
    },
    paths: Range {
        start: Path(
            [],
        ),
        end: Open,
    },
    times: Range {
        start: 18387915803560247551,
        end: Open,
    },
}