Range3d {
    subspaces: Range {
        start: SubspaceId25(
            [
                0,
                0,
                0,
                171,
                0,
                0,
                0,
                0,
                0,
                0,
                255,
                255,
                255,
                255,
                255,
                255,
                255,
                31,
                0,
                0,
                0,
                0,
                255,
                255,
                255,
                61,
                255,
                255,
                255,
                255,
                255,
                255,
            ],
        ),
        end: Closed(
            SubspaceId25(
                [
                    0,
                    0,
                    10,
                    0,
                    0,
                    0,
                    0,
                    0,
                    0,
                    0,
                    255,
                    255,
                    255,
                    255,
                    255,
                    255,
                    255,
                    255,
                    255,
                    255,
                    211,
                    211,
                    211,
                    211,
                    211,
                    211,
                    211,
                    211,
                    211,
                    211,
                    211,
                    211,
                ],
            ),
        ),
    },
    paths: Range {
        start: Path(
            [],
        ),
        end: Open,
    },
    times: Range {
        start: 18014398509681151,
        end: Open,
    },
}