Range3d {
    subspaces: Range {
        start: SubspaceId25(
            [
                0,
                0,
                0,
                0,
                255,
                255,
                255,
                255,
                255,
                255,
                255,
                255,
                255,
                255,
                211,
                218,
                14,
                14,
                14,
                14,
                14,
                14,
                14,
                14,
                14,
                14,
                14,
                14,
                14,
                14,
                14,
                0,
            ],
        ),
        end: Closed(
            SubspaceId25(
                [
                    0,
                    10,
                    0,
                    0,
                    0,
                    0,
                    0,
                    0,
                    0,
                    255,
                    255,
                    255,
                    255,
                    255,
                    255,
                    255,
                    255,
                    255,
                    255,
                    211,
                    211,
                    211,
                    211,
                    211,
                    211,
                    211,
                    211,
                    211,
                    210,
                    211,
                    211,
                    211,
                ],
            ),
        ),
    },
    paths: Range {
        start: Path(
            [],
        ),
        end: Open,
    },
    times: Range {
        start: 4611686018478374911,
        end: Closed(
            9583661106556043263,
        ),
    },
}