Range3d {
    subspaces: Range {
        start: SubspaceId25(
            [
                10,
                245,
                0,
                0,
                0,
                0,
                0,
                0,
                0,
                0,
                255,
                255,
                255,
                255,
                255,
                255,
                255,
                255,
                255,
                255,
                211,
                211,
                14,
                14,
                14,
                14,
                14,
                14,
                14,
                14,
                14,
                14,
            ],
        ),
        end: Closed(
            SubspaceId25(
                [
                    14,
                    0,
                    0,
                    0,
                    0,
                    0,
                    0,
                    10,
                    249,
                    249,
                    249,
                    249,
                    249,
                    249,
                    249,
                    249,
                    249,
                    249,
                    249,
                    249,
                    255,
                    255,
                    255,
                    255,
                    255,
                    255,
                    255,
                    255,
                    255,
                    255,
                    255,
                    255,
                ],
            ),
        ),
    },
    paths: Range {
        start: Path(
            [],
        ),
        end: Open,
    },
    times: Range {
        start: 3956103215043583,
        end: Closed(
            72057594037865472,
        ),
    },
}