Range3d {
    subspaces: Range {
        start: SubspaceId25(
            [
                0,
                0,
                0,
                255,
                255,
                0,
                0,
                0,
                0,
                0,
                0,
                0,
                255,
                255,
                255,
                0,
                0,
                0,
                0,
                0,
                0,
                0,
                0,
                0,
                0,
                255,
                255,
                31,
                31,
                31,
                31,
                31,
            ],
        ),
        end: Closed(
            SubspaceId25(
                [
                    31,
                    31,
                    31,
                    31,
                    31,
                    31,
                    31,
                    31,
                    31,
                    31,
                    31,
                    31,
                    31,
                    31,
                    31,
                    31,
                    31,
                    31,
                    255,
                    255,
                    255,
                    255,
                    255,
                    255,
                    255,
                    255,
                    255,
                    255,
                    255,
                    255,
                    255,
                    255,
                ],
            ),
        ),
    },
    paths: Range {
        start: Path(
            [],
        ),
        end: Open,
    },
    times: Range {
        start: 18446744073709551615,
        end: Open,
    },
}