EncodedPair {
    actual_value: Entry {
        namespace_id: NamespaceId25(
            VerifyingKey(CompressedEdwardsY: [51, 144, 16, 36, 139, 12, 142, 80, 40, 116, 239, 87, 77, 141, 55, 210, 238, 182, 253, 238, 111, 186, 79, 236, 234, 199, 149, 149, 70, 205, 2, 254]), EdwardsPoint{
            	X: FieldElement51([10389102031683, 1585586485097065, 240926330927026, 671966746536796, 1518683324479094]),
            	Y: FieldElement51([26759379178942, 1868962733004421, 388871224897224, 486445804290107, 986786512981115]),
            	Z: FieldElement51([99196160295268, 116871050304147, 401046646361967, 9101549672739, 1405075283138502]),
            	T: FieldElement51([1716692780093576, 1455264044981995, 1249689757752687, 1157091847161895, 1711416722154873])
            }),
        ),
        subspace_id: SubspaceId25(
            [
                7,
                255,
                255,
                255,
                255,
                255,
                255,
                255,
                255,
                251,
                255,
                255,
                255,
                255,
                255,
                255,
                255,
                255,
                255,
                255,
                255,
                255,
                0,
                0,
                1,
                0,
                0,
                1,
                255,
                0,
                255,
                0,
            ],
        ),
        path: Path(
            [
                Component(
                    [
                        0,
                        255,
                        42,
                        12,
                    ],
                ),
            ],
        ),
        timestamp: 18446744073708503294,
        payload_digest: PayloadDigest25(
            Hash(
                "ffffffffffffffffffffffff60004100ff2a0cffffffffffff1effffffffffff",
            ),
        ),
        payload_length: 0,
    },
    relative_to: (
        NamespaceId25(
            VerifyingKey(CompressedEdwardsY: [51, 144, 16, 36, 139, 12, 142, 80, 40, 116, 239, 87, 77, 141, 55, 210, 238, 182, 253, 238, 111, 186, 79, 236, 234, 199, 149, 149, 70, 205, 2, 254]), EdwardsPoint{
            	X: FieldElement51([10389102031683, 1585586485097065, 240926330927026, 671966746536796, 1518683324479094]),
            	Y: FieldElement51([26759379178942, 1868962733004421, 388871224897224, 486445804290107, 986786512981115]),
            	Z: FieldElement51([99196160295268, 116871050304147, 401046646361967, 9101549672739, 1405075283138502]),
            	T: FieldElement51([1716692780093576, 1455264044981995, 1249689757752687, 1157091847161895, 1711416722154873])
            }),
        ),
        Range3d {
            subspaces: Range {
                start: SubspaceId25(
                    [
                        7,
                        255,
                        255,
                        255,
                        255,
                        255,
                        255,
                        255,
                        255,
                        251,
                        255,
                        255,
                        255,
                        255,
                        255,
                        255,
                        255,
                        255,
                        255,
                        255,
                        255,
                        255,
                        0,
                        0,
                        1,
                        0,
                        0,
                        1,
                        255,
                        0,
                        255,
                        0,
                    ],
                ),
                end: Open,
            },
            paths: Range {
                start: Path(
                    [],
                ),
                end: Open,
            },
            times: Range {
                start: 18446744073708503039,
                end: Open,
            },
        },
    ),
}