Entry {
    namespace_id: NamespaceId25(
        VerifyingKey(CompressedEdwardsY: [188, 97, 166, 142, 214, 113, 142, 47, 131, 61, 90, 154, 14, 133, 122, 132, 138, 22, 248, 54, 112, 198, 137, 138, 69, 133, 173, 249, 49, 161, 254, 171]), EdwardsPoint{
        	X: FieldElement51([654187904117203, 1428664290216964, 2170170572158371, 359321825931617, 157749451283149]),
        	Y: FieldElement51([1560068407162173, 244674874736614, 1736992845035418, 100976721836056, 1816761350792845]),
        	Z: FieldElement51([501285153482706, 976160532880222, 1642717156555949, 1257198433518317, 1870158124796246]),
        	T: FieldElement51([2249236895844264, 1345041374902779, 1409410715543291, 1575591334731765, 972618009379475])
        }),
    ),
    subspace_id: SubspaceId25(
        [
            45,
            255,
            255,
            255,
            255,
            255,
            253,
            255,
            0,
            0,
            0,
            0,
            0,
            0,
            0,
            0,
            0,
            0,
            0,
            0,
            0,
            255,
            43,
            67,
            255,
            255,
            202,
            255,
            0,
            0,
            0,
            0,
        ],
    ),
    path: Path(
        [],
    ),
    timestamp: 0,
    payload_digest: PayloadDigest25(
        Hash(
            "0000000000000000000000000000000000000000000000000000000000000000",
        ),
    ),
    payload_length: 0,
}