Entry {
    namespace_id: NamespaceId25(
        VerifyingKey(CompressedEdwardsY: [129, 77, 220, 71, 235, 184, 154, 255, 67, 111, 90, 25, 51, 16, 126, 233, 39, 3, 227, 142, 229, 193, 186, 24, 173, 240, 184, 15, 154, 111, 69, 255]), EdwardsPoint{
        	X: FieldElement51([485135124191450, 1337802899301920, 1113596296226152, 1624381927382030, 266340822094735]),
        	Y: FieldElement51([5716076659809, 1165854455039722, 371916743338991, 1953512107485333, 614224252223499]),
        	Z: FieldElement51([943657190044822, 1159936947539895, 1496015381675222, 2218616157316353, 1114977167759973]),
        	T: FieldElement51([204695506067797, 924820878608764, 832788139975695, 534159777231929, 986170687677851])
        }),
    ),
    subspace_id: SubspaceId25(
        [
            255,
            255,
            255,
            255,
            255,
            255,
            45,
            255,
            255,
            43,
            83,
            83,
            83,
            83,
            83,
            255,
            255,
            255,
            0,
            67,
            255,
            255,
            247,
            255,
            83,
            83,
            83,
            83,
            83,
            83,
            83,
            83,
        ],
    ),
    path: Path(
        [],
    ),
    timestamp: 0,
    payload_digest: PayloadDigest25(
        Hash(
            "0000000000000000000000000000000000000000000000000000000000000000",
        ),
    ),
    payload_length: 0,
}