Entry {
    namespace_id: NamespaceId25(
        VerifyingKey(CompressedEdwardsY: [148, 55, 134, 53, 186, 127, 67, 147, 40, 126, 248, 195, 238, 219, 75, 81, 164, 153, 241, 63, 33, 101, 17, 88, 12, 22, 235, 187, 104, 135, 19, 255]), EdwardsPoint{
        	X: FieldElement51([1026605785222322, 570660867710059, 1900483762043472, 44304215262079, 903391033717213]),
        	Y: FieldElement51([1383071637016708, 1473972494116772, 203842389935715, 1294563709862531, 242073405068851]),
        	Z: FieldElement51([913281063883844, 1236763777919781, 800552481762604, 1683970691515139, 356767493325813]),
        	T: FieldElement51([1095006053661053, 2178036516102095, 878019318723315, 2036887079610491, 572377799124104])
        }),
    ),
    subspace_id: SubspaceId25(
        [
            223,
            255,
            255,
            255,
            255,
            255,
            255,
            255,
            255,
            255,
            255,
            255,
            255,
            253,
            255,
            255,
            43,
            202,
            255,
            0,
            0,
            0,
            0,
            0,
            0,
            0,
            0,
            0,
            0,
            0,
            0,
            0,
        ],
    ),
    path: Path(
        [],
    ),
    timestamp: 0,
    payload_digest: PayloadDigest25(
        Hash(
            "0000000000000000000000000000000000000000000000000000000000000000",
        ),
    ),
    payload_length: 0,
}