Entry {
    namespace_id: NamespaceId25(
        VerifyingKey(CompressedEdwardsY: [23, 236, 42, 92, 254, 127, 123, 227, 64, 129, 70, 64, 136, 207, 218, 205, 125, 53, 195, 10, 17, 45, 185, 64, 128, 60, 61, 151, 46, 127, 120, 16]), EdwardsPoint{
        	X: FieldElement51([1189515513344392, 2072468420381750, 1367831430586857, 1355183483181287, 1174709624705440]),
        	Y: FieldElement51([839778779772259, 1634184326334617, 1326942790527146, 1633898621880710, 1556444444156267]),
        	Z: FieldElement51([1225895203238949, 394084266882690, 735795206280562, 1547377109163140, 289627114039741]),
        	T: FieldElement51([1815827193179069, 711966469275442, 1548388334683607, 5981101310862, 1147580978480778])
        }),
    ),
    subspace_id: SubspaceId25(
        [
            0,
            0,
            0,
            0,
            63,
            255,
            255,
            255,
            255,
            50,
            255,
            38,
            38,
            45,
            255,
            255,
            255,
            255,
            255,
            255,
            255,
            255,
            255,
            255,
            255,
            47,
            255,
            255,
            255,
            255,
            255,
            255,
        ],
    ),
    path: Path(
        [],
    ),
    timestamp: 18446744073709551615,
    payload_digest: PayloadDigest25(
        Hash(
            "ffffffff00000000000000000000000000000000000000000000000000000000",
        ),
    ),
    payload_length: 0,
}