Entry {
    namespace_id: NamespaceId25(
        VerifyingKey(CompressedEdwardsY: [231, 144, 183, 34, 44, 139, 106, 32, 141, 232, 210, 254, 83, 77, 179, 223, 200, 20, 140, 34, 127, 117, 63, 245, 208, 30, 61, 98, 74, 57, 127, 255]), EdwardsPoint{
        	X: FieldElement51([1822002240947464, 667877654099298, 749017283880998, 1639755020205985, 1226962778715115]),
        	Y: FieldElement51([814268220755320, 1670967009454342, 444121966381481, 693059608405748, 29572169517748]),
        	Z: FieldElement51([2070999582505969, 674148517545118, 1783604266961179, 66933778323625, 600300995161537]),
        	T: FieldElement51([268920638696394, 2107755015335643, 1716080338949990, 2159608418615208, 2188954047768286])
        }),
    ),
    subspace_id: SubspaceId25(
        [
            0,
            0,
            0,
            0,
            0,
            0,
            63,
            255,
            255,
            255,
            255,
            255,
            255,
            255,
            255,
            47,
            255,
            255,
            255,
            255,
            255,
            255,
            255,
            255,
            255,
            255,
            255,
            255,
            255,
            255,
            255,
            255,
        ],
    ),
    path: Path(
        [],
    ),
    timestamp: 0,
    payload_digest: PayloadDigest25(
        Hash(
            "0000000000000000000000000000000000000000000000000000000000000000",
        ),
    ),
    payload_length: 0,
}