Entry {
    namespace_id: NamespaceId25(
        VerifyingKey(CompressedEdwardsY: [25, 125, 203, 85, 182, 228, 125, 63, 9, 131, 249, 111, 72, 42, 244, 100, 233, 167, 191, 122, 111, 227, 101, 9, 115, 252, 37, 215, 17, 66, 210, 255]), EdwardsPoint{
        	X: FieldElement51([1942283406946135, 865815777546197, 1474901278024729, 1580113576174462, 859791033504924]),
        	Y: FieldElement51([1302617546681525, 1867279984749042, 1516744132486907, 151417695006952, 46803239882451]),
        	Z: FieldElement51([508112808920544, 919014169921877, 665935553190317, 910196846532092, 1586780963015603]),
        	T: FieldElement51([6973762308706, 1570923024840124, 1688501120897202, 909547828747297, 950196149391559])
        }),
    ),
    subspace_id: SubspaceId25(
        [
            255,
            255,
            255,
            255,
            3,
            255,
            255,
            255,
            255,
            253,
            255,
            255,
            43,
            67,
            255,
            255,
            202,
            255,
            255,
            255,
            47,
            255,
            255,
            255,
            255,
            255,
            255,
            255,
            45,
            255,
            255,
            255,
        ],
    ),
    path: Path(
        [],
    ),
    timestamp: 0,
    payload_digest: PayloadDigest25(
        Hash(
            "0000000000000000000000000000000000000000000000000000000000000000",
        ),
    ),
    payload_length: 0,
}