Entry {
    namespace_id: NamespaceId25(
        VerifyingKey(CompressedEdwardsY: [228, 39, 227, 44, 14, 132, 31, 235, 226, 73, 137, 108, 238, 66, 241, 36, 163, 196, 255, 45, 37, 229, 179, 95, 199, 99, 15, 252, 59, 186, 101, 255]), EdwardsPoint{
        	X: FieldElement51([1550439424488008, 295472984328445, 2010904251181611, 458119437115884, 293048413803273]),
        	Y: FieldElement51([1782963260472780, 1235379356473732, 443341378860041, 443058288627554, 571232278659602]),
        	Z: FieldElement51([2100091021909244, 1912374091904946, 621760980427141, 1656068346493696, 957411671154974]),
        	T: FieldElement51([2204356728930078, 59892244302781, 854906057367060, 2037376056602661, 680855960951068])
        }),
    ),
    subspace_id: SubspaceId25(
        [
            0,
            0,
            0,
            0,
            0,
            0,
            0,
            0,
            0,
            0,
            0,
            0,
            0,
            0,
            0,
            0,
            0,
            0,
            0,
            0,
            0,
            0,
            0,
            0,
            0,
            0,
            0,
            0,
            0,
            0,
            0,
            0,
        ],
    ),
    path: Path(
        [],
    ),
    timestamp: 0,
    payload_digest: PayloadDigest25(
        Hash(
            "0000000000000000000000000000000000000000000000000000000000000000",
        ),
    ),
    payload_length: 0,
}