Entry {
    namespace_id: NamespaceId25(
        VerifyingKey(CompressedEdwardsY: [172, 158, 196, 207, 113, 250, 167, 166, 137, 142, 15, 24, 109, 43, 108, 104, 97, 111, 188, 21, 228, 166, 227, 171, 17, 224, 9, 114, 153, 69, 242, 254]), EdwardsPoint{
        	X: FieldElement51([1880590028699199, 380656848406016, 925153393825777, 1501353650724249, 1417406396461886]),
        	Y: FieldElement51([2167461355004394, 1785651446916005, 712730866307059, 1562423944998187, 1217060993651963]),
        	Z: FieldElement51([2097082484359905, 780973223275932, 1426906677953509, 1744097706145347, 615309514431747]),
        	T: FieldElement51([301715701497134, 1693319990499463, 428038977052306, 463855186282482, 152481151792385])
        }),
    ),
    subspace_id: SubspaceId25(
        [
            0,
            0,
            0,
            0,
            0,
            0,
            0,
            0,
            0,
            0,
            0,
            0,
            0,
            0,
            0,
            0,
            0,
            0,
            0,
            0,
            0,
            0,
            0,
            0,
            0,
            0,
            0,
            0,
            0,
            0,
            0,
            0,
        ],
    ),
    path: Path(
        [],
    ),
    timestamp: 0,
    payload_digest: PayloadDigest25(
        Hash(
            "0000000000000000000000000000000000000000000000000000000000000000",
        ),
    ),
    payload_length: 0,
}