Entry {
    namespace_id: NamespaceId25(
        VerifyingKey(CompressedEdwardsY: [17, 168, 244, 198, 235, 50, 73, 180, 90, 59, 185, 140, 117, 35, 23, 136, 81, 109, 143, 108, 177, 136, 238, 211, 141, 103, 170, 229, 72, 247, 132, 254]), EdwardsPoint{
        	X: FieldElement51([2108946207747579, 1798253278403682, 700956090434003, 217671709252260, 1636782118719218]),
        	Y: FieldElement51([879550981057130, 1195094292352767, 2198785765631222, 1151052162182526, 1600523463375400]),
        	Z: FieldElement51([1317820997170113, 1096956744756185, 1288715547904647, 1252909505271200, 507295313285966]),
        	T: FieldElement51([920356335010837, 478563785392148, 630496354635529, 1175182825368062, 1999778374817696])
        }),
    ),
    subspace_id: SubspaceId25(
        [
            1,
            47,
            255,
            255,
            255,
            255,
            255,
            255,
            50,
            239,
            0,
            31,
            31,
            31,
            31,
            31,
            31,
            31,
            31,
            31,
            31,
            31,
            31,
            31,
            31,
            31,
            31,
            31,
            31,
            31,
            31,
            31,
        ],
    ),
    path: Path(
        [],
    ),
    timestamp: 0,
    payload_digest: PayloadDigest25(
        Hash(
            "0000000000000000000000000000000000000000000000000000000000000000",
        ),
    ),
    payload_length: 0,
}