Entry {
    namespace_id: NamespaceId25(
        VerifyingKey(CompressedEdwardsY: [182, 150, 110, 202, 140, 153, 90, 204, 65, 203, 117, 37, 115, 194, 109, 96, 37, 94, 254, 174, 205, 205, 31, 205, 27, 33, 110, 205, 189, 63, 175, 254]), EdwardsPoint{
        	X: FieldElement51([1544392789626141, 2004749991388916, 138933913144755, 32643818944661, 498276886041177]),
        	Y: FieldElement51([1241709000958059, 100756974441466, 197755047492719, 1013598288119103, 1944957217854929]),
        	Z: FieldElement51([341218665365876, 1379345210833660, 803604161816837, 1805209475996593, 2241994648471439]),
        	T: FieldElement51([333658995587979, 2016567366123843, 180498876687305, 381302981979020, 1270417765404227])
        }),
    ),
    subspace_id: SubspaceId25(
        [
            255,
            255,
            255,
            255,
            43,
            255,
            255,
            255,
            255,
            45,
            255,
            255,
            255,
            255,
            255,
            255,
            255,
            67,
            255,
            255,
            202,
            255,
            0,
            0,
            0,
            0,
            0,
            0,
            0,
            0,
            0,
            0,
        ],
    ),
    path: Path(
        [],
    ),
    timestamp: 0,
    payload_digest: PayloadDigest25(
        Hash(
            "0000000000000000000000000000000000000000000000000000000000000000",
        ),
    ),
    payload_length: 0,
}