Entry {
    namespace_id: NamespaceId25(
        VerifyingKey(CompressedEdwardsY: [188, 233, 22, 189, 229, 154, 226, 160, 239, 41, 109, 168, 195, 56, 66, 182, 6, 195, 138, 242, 19, 91, 33, 65, 106, 184, 233, 247, 224, 189, 153, 255]), EdwardsPoint{
        	X: FieldElement51([64310327629522, 1576800828633181, 1230558005903295, 936534579752901, 998295595984914]),
        	Y: FieldElement51([930972062544707, 1185229832746211, 1217307127556165, 152666716500233, 941743257626044]),
        	Z: FieldElement51([2012403498287044, 1437181875856514, 415574921700692, 2024439695202054, 907878581954015]),
        	T: FieldElement51([2019950858293285, 1659259417346058, 537607382207285, 184371048373533, 1292530896617609])
        }),
    ),
    subspace_id: SubspaceId25(
        [
            0,
            0,
            0,
            0,
            0,
            0,
            63,
            255,
            255,
            255,
            255,
            49,
            255,
            38,
            38,
            45,
            255,
            255,
            255,
            255,
            255,
            255,
            255,
            255,
            255,
            255,
            255,
            47,
            255,
            255,
            255,
            255,
        ],
    ),
    path: Path(
        [],
    ),
    timestamp: 0,
    payload_digest: PayloadDigest25(
        Hash(
            "0000000000000000000000000000000000000000000000000000000000000000",
        ),
    ),
    payload_length: 0,
}