Entry {
    namespace_id: NamespaceId25(
        VerifyingKey(CompressedEdwardsY: [223, 132, 207, 57, 93, 69, 67, 137, 60, 237, 122, 50, 67, 196, 230, 47, 127, 41, 113, 247, 246, 224, 164, 161, 50, 107, 184, 40, 1, 238, 156, 254]), EdwardsPoint{
        	X: FieldElement51([256624045132225, 138678416765829, 140008728672228, 465986325371038, 212749736766187]),
        	Y: FieldElement51([2142900746399934, 148179021179026, 112858781638873, 2093969707265784, 970620672051764]),
        	Z: FieldElement51([1681587595260804, 1520119828787921, 928377801061071, 80205570868886, 903445686407475]),
        	T: FieldElement51([2014435787269239, 841303174193850, 2012172490631356, 887424286152222, 57907419404418])
        }),
    ),
    subspace_id: SubspaceId25(
        [
            0,
            0,
            133,
            133,
            133,
            0,
            0,
            0,
            0,
            63,
            255,
            255,
            255,
            255,
            50,
            255,
            255,
            255,
            255,
            255,
            255,
            255,
            255,
            255,
            47,
            255,
            255,
            255,
            255,
            255,
            255,
            255,
        ],
    ),
    path: Path(
        [],
    ),
    timestamp: 0,
    payload_digest: PayloadDigest25(
        Hash(
            "0000000000000000000000000000000000000000000000000000000000000000",
        ),
    ),
    payload_length: 0,
}