Entry {
    namespace_id: NamespaceId25(
        VerifyingKey(CompressedEdwardsY: [209, 43, 243, 39, 88, 9, 27, 106, 215, 174, 126, 15, 91, 194, 36, 29, 209, 53, 31, 81, 250, 83, 233, 61, 66, 140, 127, 46, 240, 98, 163, 255]), EdwardsPoint{
        	X: FieldElement51([1046654532903525, 918780270895846, 173259690659732, 2036103149724763, 1012481512650542]),
        	Y: FieldElement51([2094443935773151, 892231923095952, 239165905462915, 1689594077647314, 1810747578537623]),
        	Z: FieldElement51([1855322056422210, 429750685992623, 684939368648040, 2113635858140143, 2162318768011317]),
        	T: FieldElement51([1531198129923192, 58528359336238, 1399460069845122, 634421823961714, 1285295779908343])
        }),
    ),
    subspace_id: SubspaceId25(
        [
            255,
            255,
            255,
            255,
            255,
            255,
            255,
            255,
            255,
            255,
            255,
            255,
            255,
            255,
            255,
            255,
            255,
            255,
            255,
            255,
            255,
            255,
            227,
            227,
            227,
            227,
            227,
            227,
            227,
            227,
            227,
            227,
        ],
    ),
    path: Path(
        [],
    ),
    timestamp: 0,
    payload_digest: PayloadDigest25(
        Hash(
            "0000000000000000000000000000000000000000000000000000000000000000",
        ),
    ),
    payload_length: 0,
}