Entry {
    namespace_id: NamespaceId25(
        VerifyingKey(CompressedEdwardsY: [183, 233, 75, 41, 114, 38, 7, 205, 49, 165, 2, 43, 114, 118, 227, 25, 97, 56, 183, 68, 64, 174, 223, 47, 134, 201, 127, 26, 155, 212, 118, 255]), EdwardsPoint{
        	X: FieldElement51([1004915060152203, 479372154323595, 855536120858116, 1211028672978921, 447154074997139]),
        	Y: FieldElement51([1846033065555647, 1590281918753136, 551932102187288, 1546709866547767, 1513688897629293]),
        	Z: FieldElement51([624640681120782, 1234053784426861, 434882960598705, 682666075985426, 2047774288679696]),
        	T: FieldElement51([714972921307714, 640217744879856, 833062296666106, 1707499729608795, 1934472027558695])
        }),
    ),
    subspace_id: SubspaceId25(
        [
            122,
            255,
            255,
            255,
            10,
            1,
            0,
            0,
            0,
            0,
            0,
            0,
            63,
            255,
            255,
            255,
            255,
            0,
            0,
            0,
            67,
            45,
            255,
            255,
            255,
            255,
            255,
            255,
            255,
            255,
            255,
            255,
        ],
    ),
    path: Path(
        [],
    ),
    timestamp: 0,
    payload_digest: PayloadDigest25(
        Hash(
            "0000000000000000000000000000000000000000000000000000000000000000",
        ),
    ),
    payload_length: 0,
}