Entry {
    namespace_id: NamespaceId25(
        VerifyingKey(CompressedEdwardsY: [90, 63, 228, 179, 12, 116, 171, 114, 188, 3, 51, 161, 10, 13, 152, 238, 154, 176, 189, 39, 237, 138, 234, 42, 184, 168, 86, 111, 70, 42, 212, 90]), EdwardsPoint{
        	X: FieldElement51([10183987952523, 2127583354632087, 312339160262265, 1437462484577385, 1007600494661281]),
        	Y: FieldElement51([633355746215762, 93426231390277, 1490816727406114, 2010526375627309, 535324106000179]),
        	Z: FieldElement51([329584777091251, 953972269275250, 1017778426070472, 1214975028286197, 404587440685617]),
        	T: FieldElement51([645063072698638, 1830717069534942, 1341956603618634, 203175815069442, 525651333409530])
        }),
    ),
    subspace_id: SubspaceId25(
        [
            60,
            60,
            255,
            255,
            255,
            255,
            255,
            255,
            255,
            255,
            255,
            255,
            255,
            255,
            255,
            255,
            255,
            255,
            255,
            255,
            255,
            255,
            255,
            255,
            255,
            255,
            255,
            255,
            255,
            255,
            255,
            255,
        ],
    ),
    path: Path(
        [],
    ),
    timestamp: 0,
    payload_digest: PayloadDigest25(
        Hash(
            "0000000000000000000000000000000000000000000000000000000000000000",
        ),
    ),
    payload_length: 0,
}