Entry {
    namespace_id: NamespaceId25(
        VerifyingKey(CompressedEdwardsY: [90, 208, 44, 226, 205, 201, 8, 133, 177, 185, 30, 29, 166, 143, 208, 238, 195, 249, 241, 12, 28, 20, 126, 212, 47, 142, 186, 161, 98, 193, 13, 121]), EdwardsPoint{
        	X: FieldElement51([251445315787208, 1958284736413832, 1594713195043639, 2099265890660212, 1727690405596382]),
        	Y: FieldElement51([40362295113061, 1348015332053944, 2078315583747698, 278280066368441, 1821931736753776]),
        	Z: FieldElement51([867520647900347, 1366708054490909, 718956491480795, 1112508854755474, 117926302317742]),
        	T: FieldElement51([1149837760247714, 382304730516323, 2064488012628775, 367789880940633, 172240085876780])
        }),
    ),
    subspace_id: SubspaceId25(
        [
            0,
            0,
            0,
            0,
            170,
            255,
            255,
            255,
            255,
            255,
            223,
            255,
            255,
            255,
            255,
            255,
            255,
            47,
            255,
            255,
            255,
            47,
            255,
            255,
            255,
            255,
            43,
            255,
            255,
            255,
            255,
            45,
        ],
    ),
    path: Path(
        [],
    ),
    timestamp: 0,
    payload_digest: PayloadDigest25(
        Hash(
            "0000000000000000000000000000000000000000000000000000000000000000",
        ),
    ),
    payload_length: 0,
}