Entry {
    namespace_id: NamespaceId25(
        VerifyingKey(CompressedEdwardsY: [100, 64, 53, 4, 226, 128, 128, 16, 46, 150, 105, 191, 108, 106, 239, 49, 177, 11, 150, 212, 196, 48, 121, 35, 137, 87, 38, 54, 232, 253, 177, 254]), EdwardsPoint{
        	X: FieldElement51([1062203562152866, 1458994112674862, 670697844976994, 572728374117354, 884495521451600]),
        	Y: FieldElement51([529049205471516, 2048137498565199, 1652317159262656, 2220102857512335, 322579998928941]),
        	Z: FieldElement51([1131848020583190, 1459212827263971, 216213302707094, 1739763432756726, 166366805798105]),
        	T: FieldElement51([1221562385320775, 932607386758196, 615134603422219, 1021920107737406, 1910797355753803])
        }),
    ),
    subspace_id: SubspaceId25(
        [
            0,
            0,
            133,
            133,
            133,
            0,
            0,
            0,
            0,
            63,
            255,
            255,
            255,
            255,
            50,
            255,
            255,
            255,
            255,
            255,
            255,
            255,
            255,
            255,
            47,
            255,
            255,
            255,
            255,
            255,
            255,
            255,
        ],
    ),
    path: Path(
        [],
    ),
    timestamp: 0,
    payload_digest: PayloadDigest25(
        Hash(
            "0000000000000000000000000000000000000000000000000000000000000000",
        ),
    ),
    payload_length: 0,
}