Entry {
    namespace_id: NamespaceId25(
        VerifyingKey(CompressedEdwardsY: [235, 175, 56, 5, 171, 83, 60, 70, 143, 249, 16, 24, 210, 82, 188, 221, 212, 134, 226, 86, 117, 17, 101, 165, 224, 98, 151, 203, 209, 180, 5, 254]), EdwardsPoint{
        	X: FieldElement51([381960345466803, 562163195020974, 636492341932471, 1669127718721196, 328978191232165]),
        	Y: FieldElement51([2196112494483263, 1135193389930045, 1349618857909138, 253165335444934, 1759384330132011]),
        	Z: FieldElement51([838187467792520, 1648032069242086, 1230489938654575, 2195617093552460, 45702540753874]),
        	T: FieldElement51([978449842931493, 1295094189993513, 2168715913041625, 1076042229442945, 1658149933669328])
        }),
    ),
    subspace_id: SubspaceId25(
        [
            255,
            255,
            255,
            0,
            0,
            0,
            0,
            0,
            0,
            0,
            0,
            0,
            0,
            0,
            0,
            0,
            0,
            0,
            0,
            0,
            0,
            0,
            0,
            0,
            0,
            0,
            0,
            0,
            0,
            0,
            0,
            0,
        ],
    ),
    path: Path(
        [],
    ),
    timestamp: 0,
    payload_digest: PayloadDigest25(
        Hash(
            "0000000000000000000000000000000000000000000000000000000000000000",
        ),
    ),
    payload_length: 0,
}