Entry {
    namespace_id: NamespaceId25(
        VerifyingKey(CompressedEdwardsY: [178, 99, 165, 30, 218, 37, 156, 155, 30, 211, 177, 240, 225, 205, 215, 83, 216, 244, 250, 225, 100, 124, 20, 97, 112, 208, 211, 182, 220, 252, 191, 180]), EdwardsPoint{
        	X: FieldElement51([939403283579442, 1559441951670489, 715386318632968, 1093955683446770, 1351406142941620]),
        	Y: FieldElement51([1942031615390733, 697085087795483, 906254886521089, 919643497329723, 748047398275595]),
        	Z: FieldElement51([914624964923657, 645416849095886, 1197833825127736, 895628432863190, 1423373936313979]),
        	T: FieldElement51([1576661740567708, 1098548506441225, 1020411577336335, 1021873598094103, 1168208324348855])
        }),
    ),
    subspace_id: SubspaceId25(
        [
            0,
            0,
            0,
            0,
            0,
            0,
            0,
            0,
            0,
            0,
            0,
            0,
            0,
            0,
            0,
            0,
            0,
            0,
            0,
            0,
            0,
            0,
            0,
            0,
            0,
            0,
            0,
            0,
            0,
            0,
            0,
            0,
        ],
    ),
    path: Path(
        [],
    ),
    timestamp: 0,
    payload_digest: PayloadDigest25(
        Hash(
            "0000000000000000000000000000000000000000000000000000000000000000",
        ),
    ),
    payload_length: 0,
}