Entry {
    namespace_id: NamespaceId25(
        VerifyingKey(CompressedEdwardsY: [199, 75, 58, 152, 33, 66, 205, 211, 231, 27, 174, 146, 97, 37, 7, 65, 153, 132, 112, 202, 209, 187, 187, 138, 222, 242, 57, 51, 115, 134, 140, 211]), EdwardsPoint{
        	X: FieldElement51([1214054879752301, 1300336483922101, 1450988656477954, 635458499849302, 393261418488952]),
        	Y: FieldElement51([1777493796852026, 71110679185638, 1060232119504199, 445193553161518, 2094386572822686]),
        	Z: FieldElement51([1548925835864296, 2238736490785433, 379986059401780, 211895477725051, 609302771762828]),
        	T: FieldElement51([965701970315685, 1074206572301277, 363297845231179, 667784814899740, 2197317394796201])
        }),
    ),
    subspace_id: SubspaceId25(
        [
            0,
            0,
            0,
            0,
            0,
            0,
            0,
            0,
            0,
            0,
            0,
            0,
            0,
            0,
            0,
            0,
            0,
            0,
            0,
            0,
            0,
            0,
            0,
            0,
            0,
            0,
            0,
            0,
            0,
            0,
            0,
            0,
        ],
    ),
    path: Path(
        [],
    ),
    timestamp: 0,
    payload_digest: PayloadDigest25(
        Hash(
            "0000000000000000000000000000000000000000000000000000000000000000",
        ),
    ),
    payload_length: 0,
}