Entry {
    namespace_id: NamespaceId25(
        VerifyingKey(CompressedEdwardsY: [142, 101, 112, 90, 124, 195, 119, 23, 56, 191, 91, 116, 27, 83, 165, 29, 124, 168, 111, 85, 162, 93, 145, 69, 141, 211, 75, 138, 160, 87, 7, 254]), EdwardsPoint{
        	X: FieldElement51([38390391503404, 1660710518212885, 1685894845375143, 328163675009093, 509261668530522]),
        	Y: FieldElement51([641324054312551, 1711378117973509, 1591500913674656, 1699669835822596, 1001813878575478]),
        	Z: FieldElement51([1150225513776773, 1770915078660378, 2126347546398201, 692169839817650, 1299682096494038]),
        	T: FieldElement51([1382432306214245, 122827089271029, 1289736519268945, 759265580018865, 1522391504046813])
        }),
    ),
    subspace_id: SubspaceId25(
        [
            255,
            255,
            47,
            255,
            255,
            255,
            255,
            43,
            255,
            255,
            255,
            255,
            45,
            255,
            255,
            255,
            255,
            255,
            255,
            255,
            67,
            255,
            255,
            202,
            255,
            0,
            0,
            0,
            0,
            0,
            0,
            0,
        ],
    ),
    path: Path(
        [],
    ),
    timestamp: 0,
    payload_digest: PayloadDigest25(
        Hash(
            "0000000000000000000000000000000000000000000000000000000000000000",
        ),
    ),
    payload_length: 0,
}