Entry {
    namespace_id: NamespaceId25(
        VerifyingKey(CompressedEdwardsY: [82, 105, 26, 238, 221, 58, 81, 135, 165, 41, 164, 185, 47, 231, 223, 162, 87, 100, 0, 187, 105, 128, 6, 72, 252, 45, 154, 38, 126, 231, 191, 254]), EdwardsPoint{
        	X: FieldElement51([440329006967982, 1691744572176316, 553807166114892, 183445982198668, 202926228477984]),
        	Y: FieldElement51([1934581545958199, 123485396288887, 815498955587849, 1458974817937358, 57994486111303]),
        	Z: FieldElement51([492856123957104, 62350648614224, 533731662636404, 1869924373479462, 496296183881259]),
        	T: FieldElement51([17731247193127, 507661116451430, 121110473303921, 2242823808009672, 1451072463568085])
        }),
    ),
    subspace_id: SubspaceId25(
        [
            255,
            255,
            255,
            255,
            0,
            0,
            133,
            133,
            133,
            0,
            0,
            0,
            0,
            63,
            255,
            255,
            255,
            255,
            255,
            255,
            255,
            255,
            255,
            47,
            255,
            255,
            255,
            255,
            255,
            255,
            255,
            255,
        ],
    ),
    path: Path(
        [],
    ),
    timestamp: 18446515375290973952,
    payload_digest: PayloadDigest25(
        Hash(
            "ffffffffffffffffffffffffff08ffffffff0000000000000000000000000000",
        ),
    ),
    payload_length: 0,
}