Entry {
    namespace_id: NamespaceId25(
        VerifyingKey(CompressedEdwardsY: [205, 230, 84, 200, 172, 143, 98, 2, 201, 42, 131, 210, 218, 206, 9, 229, 64, 140, 124, 254, 136, 245, 94, 92, 229, 147, 241, 2, 24, 74, 125, 255]), EdwardsPoint{
        	X: FieldElement51([138868413693873, 1284659282390000, 1198116699960460, 2005584391580292, 464532168836214]),
        	Y: FieldElement51([1057803964212065, 1483985519148777, 837348243645966, 1954021869749459, 1362988237103550]),
        	Z: FieldElement51([81425951472894, 907107932233940, 1331689713841591, 1247642440258731, 306641429713032]),
        	T: FieldElement51([2184203415983653, 2057412088675957, 222450223537419, 1023096446449967, 709274379807088])
        }),
    ),
    subspace_id: SubspaceId25(
        [
            0,
            0,
            0,
            0,
            0,
            0,
            63,
            255,
            255,
            255,
            255,
            50,
            255,
            255,
            255,
            255,
            255,
            255,
            255,
            255,
            255,
            47,
            255,
            255,
            255,
            255,
            255,
            255,
            255,
            255,
            255,
            255,
        ],
    ),
    path: Path(
        [],
    ),
    timestamp: 0,
    payload_digest: PayloadDigest25(
        Hash(
            "0000000000000000000000000000000000000000000000000000000000000000",
        ),
    ),
    payload_length: 0,
}