Entry {
    namespace_id: NamespaceId25(
        VerifyingKey(CompressedEdwardsY: [199, 107, 4, 32, 45, 121, 251, 225, 3, 175, 219, 180, 115, 241, 201, 69, 242, 147, 58, 68, 160, 189, 205, 172, 198, 62, 211, 150, 109, 61, 59, 230]), EdwardsPoint{
        	X: FieldElement51([1017832973872266, 1243158149117570, 2035800515547149, 740831940004276, 1012336032331743]),
        	Y: FieldElement51([1756509246367155, 54536150801922, 863214403807692, 58686212970032, 165119485395117]),
        	Z: FieldElement51([1454186897175502, 1354082239068263, 1949258537621537, 2135713033827643, 1007775425209360]),
        	T: FieldElement51([93099568317100, 789865541956176, 2060628678937930, 829867113553505, 1255153180458057])
        }),
    ),
    subspace_id: SubspaceId25(
        [
            0,
            0,
            0,
            0,
            0,
            0,
            0,
            0,
            0,
            0,
            0,
            0,
            0,
            0,
            0,
            0,
            0,
            0,
            0,
            0,
            0,
            0,
            0,
            0,
            0,
            0,
            0,
            0,
            0,
            0,
            0,
            0,
        ],
    ),
    path: Path(
        [],
    ),
    timestamp: 0,
    payload_digest: PayloadDigest25(
        Hash(
            "0000000000000000000000000000000000000000000000000000000000000000",
        ),
    ),
    payload_length: 0,
}