Entry {
    namespace_id: NamespaceId25(
        VerifyingKey(CompressedEdwardsY: [199, 106, 122, 199, 55, 156, 69, 30, 146, 248, 95, 217, 199, 30, 177, 229, 225, 152, 166, 235, 207, 168, 221, 179, 25, 252, 73, 27, 176, 181, 174, 80]), EdwardsPoint{
        	X: FieldElement51([253311710855772, 866260930179936, 1781656794149425, 2057010880207, 1165237292196305]),
        	Y: FieldElement51([701176919403480, 1685484289708315, 491591498614611, 385077455896758, 543425891888311]),
        	Z: FieldElement51([1680775296598319, 1393459912824572, 2237407320699598, 1605287219695597, 268845460028739]),
        	T: FieldElement51([1456105920063725, 621144341285984, 1839372168457291, 1891975133744076, 1421983798264221])
        }),
    ),
    subspace_id: SubspaceId25(
        [
            0,
            0,
            0,
            0,
            0,
            0,
            0,
            0,
            0,
            0,
            0,
            0,
            0,
            0,
            0,
            0,
            0,
            0,
            0,
            0,
            0,
            0,
            0,
            0,
            0,
            0,
            0,
            0,
            0,
            0,
            0,
            0,
        ],
    ),
    path: Path(
        [],
    ),
    timestamp: 0,
    payload_digest: PayloadDigest25(
        Hash(
            "0000000000000000000000000000000000000000000000000000000000000000",
        ),
    ),
    payload_length: 0,
}