Entry {
    namespace_id: NamespaceId25(
        VerifyingKey(CompressedEdwardsY: [35, 19, 249, 92, 148, 140, 44, 231, 113, 58, 142, 46, 32, 194, 24, 123, 17, 15, 211, 66, 10, 191, 166, 125, 44, 37, 50, 5, 72, 23, 138, 224]), EdwardsPoint{
        	X: FieldElement51([1888115514496726, 2160007455925721, 1230652938279056, 2049869854357842, 2199311652829248]),
        	Y: FieldElement51([1796854848508057, 1810093811136302, 1373357499981177, 1324425752617803, 1015227139791744]),
        	Z: FieldElement51([1302703503490123, 1442985527867626, 1417716046407813, 1657216357030502, 1601890434124467]),
        	T: FieldElement51([1724664323203211, 349562767197741, 1971410931263525, 481578834825584, 526150132672408])
        }),
    ),
    subspace_id: SubspaceId25(
        [
            0,
            0,
            0,
            0,
            0,
            0,
            63,
            255,
            255,
            255,
            255,
            49,
            255,
            38,
            38,
            38,
            255,
            255,
            255,
            255,
            255,
            255,
            255,
            255,
            255,
            255,
            255,
            47,
            255,
            255,
            255,
            255,
        ],
    ),
    path: Path(
        [],
    ),
    timestamp: 0,
    payload_digest: PayloadDigest25(
        Hash(
            "0000000000000000000000000000000000000000000000000000000000000000",
        ),
    ),
    payload_length: 0,
}