Entry {
    namespace_id: NamespaceId25(
        VerifyingKey(CompressedEdwardsY: [27, 141, 61, 64, 93, 32, 155, 98, 82, 183, 188, 211, 234, 245, 95, 124, 170, 124, 116, 127, 254, 49, 52, 91, 243, 105, 68, 182, 149, 60, 38, 238]), EdwardsPoint{
        	X: FieldElement51([2175461391332962, 62738585442111, 1095099840997811, 836440874088908, 446919280114876]),
        	Y: FieldElement51([1616529367964286, 849058168655307, 964611099628434, 1394763264997165, 1609547163411340]),
        	Z: FieldElement51([1012260689204724, 1876679604655848, 480915306330637, 831141625700428, 347162648857246]),
        	T: FieldElement51([547606054580357, 235820117292622, 606028951506443, 2082464468023019, 1637491055761034])
        }),
    ),
    subspace_id: SubspaceId25(
        [
            0,
            0,
            0,
            0,
            0,
            0,
            0,
            0,
            0,
            0,
            0,
            0,
            0,
            0,
            0,
            0,
            0,
            0,
            0,
            0,
            0,
            0,
            0,
            0,
            0,
            0,
            0,
            0,
            0,
            0,
            0,
            0,
        ],
    ),
    path: Path(
        [],
    ),
    timestamp: 0,
    payload_digest: PayloadDigest25(
        Hash(
            "0000000000000000000000000000000000000000000000000000000000000000",
        ),
    ),
    payload_length: 0,
}