Entry {
    namespace_id: NamespaceId25(
        VerifyingKey(CompressedEdwardsY: [69, 157, 55, 240, 161, 45, 131, 22, 210, 6, 124, 93, 208, 232, 118, 14, 16, 108, 70, 5, 35, 242, 156, 122, 207, 191, 156, 145, 171, 175, 253, 166]), EdwardsPoint{
        	X: FieldElement51([163717022868516, 1632657197422338, 1001322714433259, 754639957744395, 969427540010897]),
        	Y: FieldElement51([32835936778623, 1466855113785348, 1591977920278412, 1294506797694219, 67330855126275]),
        	Z: FieldElement51([1013264216227288, 897628352738353, 620656815075655, 516783459479254, 693702344238093]),
        	T: FieldElement51([1785566280261834, 361008072279435, 442480015357232, 919763134979413, 2173722572744802])
        }),
    ),
    subspace_id: SubspaceId25(
        [
            0,
            0,
            0,
            0,
            0,
            0,
            0,
            0,
            0,
            0,
            0,
            0,
            3,
            12,
            63,
            255,
            255,
            255,
            255,
            49,
            253,
            255,
            255,
            255,
            255,
            255,
            47,
            255,
            255,
            255,
            255,
            0,
        ],
    ),
    path: Path(
        [],
    ),
    timestamp: 18446744073709551360,
    payload_digest: PayloadDigest25(
        Hash(
            "ffffffffffffffffffffffffffffffffffffffffffffffffffff000000000000",
        ),
    ),
    payload_length: 0,
}