Entry {
    namespace_id: NamespaceId25(
        VerifyingKey(CompressedEdwardsY: [31, 106, 233, 183, 134, 26, 103, 108, 2, 167, 145, 237, 169, 60, 121, 207, 149, 177, 27, 82, 90, 13, 152, 70, 200, 142, 229, 205, 13, 96, 218, 255]), EdwardsPoint{
        	X: FieldElement51([1700215392127877, 121440597627933, 768132382662513, 790028083357816, 168713386792313]),
        	Y: FieldElement51([2047911155012689, 2081967568117577, 1623893196092900, 973763749395315, 1299069744659914]),
        	Z: FieldElement51([934510763943571, 1164529195405806, 2088277348424144, 235693293487268, 1729676280676913]),
        	T: FieldElement51([59344465594145, 365985029663637, 1937957033538742, 1018510263575805, 506098915952626])
        }),
    ),
    subspace_id: SubspaceId25(
        [
            0,
            0,
            0,
            0,
            0,
            0,
            0,
            0,
            0,
            0,
            0,
            0,
            0,
            0,
            0,
            0,
            0,
            0,
            0,
            0,
            0,
            0,
            0,
            0,
            0,
            0,
            0,
            0,
            0,
            0,
            0,
            0,
        ],
    ),
    path: Path(
        [],
    ),
    timestamp: 0,
    payload_digest: PayloadDigest25(
        Hash(
            "0000000000000000000000000000000000000000000000000000000000000000",
        ),
    ),
    payload_length: 0,
}