Entry {
    namespace_id: NamespaceId25(
        VerifyingKey(CompressedEdwardsY: [173, 1, 36, 110, 108, 116, 55, 211, 150, 252, 248, 173, 86, 92, 50, 82, 244, 9, 157, 115, 2, 101, 171, 72, 37, 243, 139, 78, 60, 41, 201, 254]), EdwardsPoint{
        	X: FieldElement51([995854194546857, 767962838357766, 1642019276971325, 2006530444949451, 267166970468618]),
        	Y: FieldElement51([275997959082424, 1857393854843736, 262469622228822, 293462963509391, 2106266317451357]),
        	Z: FieldElement51([712348984047715, 168204787937913, 946982973400757, 935801069311215, 2175450753211923]),
        	T: FieldElement51([1125278228626892, 779912812033950, 1774540683629468, 2214865883705001, 183177239309264])
        }),
    ),
    subspace_id: SubspaceId25(
        [
            0,
            0,
            0,
            0,
            0,
            0,
            0,
            0,
            0,
            0,
            0,
            0,
            0,
            0,
            0,
            0,
            0,
            0,
            0,
            0,
            0,
            0,
            0,
            0,
            0,
            0,
            0,
            0,
            0,
            0,
            0,
            0,
        ],
    ),
    path: Path(
        [],
    ),
    timestamp: 0,
    payload_digest: PayloadDigest25(
        Hash(
            "0000000000000000000000000000000000000000000000000000000000000000",
        ),
    ),
    payload_length: 0,
}