Entry {
    namespace_id: NamespaceId25(
        VerifyingKey(CompressedEdwardsY: [157, 56, 131, 12, 29, 171, 193, 19, 163, 236, 144, 134, 155, 180, 41, 145, 133, 83, 128, 50, 34, 40, 67, 60, 152, 130, 83, 141, 218, 34, 45, 255]), EdwardsPoint{
        	X: FieldElement51([1821076809015488, 747904476125889, 193730197307625, 74655562010863, 60677934006320]),
        	Y: FieldElement51([596134590230306, 1063270125679931, 255245507221192, 305760190998214, 932298955053435]),
        	Z: FieldElement51([1174126410216757, 1589371603319780, 1475323254718493, 1485351663705856, 216429633711430]),
        	T: FieldElement51([1445351774476544, 2069771980969458, 664699016898891, 273349062857651, 1179239633348346])
        }),
    ),
    subspace_id: SubspaceId25(
        [
            0,
            0,
            0,
            0,
            0,
            0,
            0,
            0,
            0,
            0,
            0,
            0,
            0,
            0,
            0,
            0,
            0,
            0,
            0,
            0,
            0,
            0,
            0,
            0,
            0,
            0,
            0,
            0,
            0,
            0,
            0,
            0,
        ],
    ),
    path: Path(
        [],
    ),
    timestamp: 0,
    payload_digest: PayloadDigest25(
        Hash(
            "0000000000000000000000000000000000000000000000000000000000000000",
        ),
    ),
    payload_length: 0,
}