Entry {
    namespace_id: NamespaceId25(
        VerifyingKey(CompressedEdwardsY: [202, 45, 79, 113, 222, 207, 111, 243, 209, 37, 252, 39, 163, 130, 173, 212, 245, 54, 77, 35, 227, 247, 168, 122, 149, 37, 16, 255, 235, 131, 172, 255]), EdwardsPoint{
        	X: FieldElement51([2080018719718014, 1782168700934024, 503933626888738, 492478897658305, 73957359553482]),
        	Y: FieldElement51([1435723887446317, 1312670386192585, 1178134189410043, 1810792243707986, 391252845500822]),
        	Z: FieldElement51([597854809429138, 8505273033865, 2010470444486432, 365838756737718, 1266764284406215]),
        	T: FieldElement51([112340446749255, 531278342590812, 2094657783497186, 1765418928655604, 2131588459804119])
        }),
    ),
    subspace_id: SubspaceId25(
        [
            83,
            83,
            67,
            255,
            255,
            202,
            255,
            0,
            0,
            0,
            0,
            0,
            0,
            0,
            0,
            0,
            0,
            0,
            0,
            0,
            0,
            0,
            0,
            0,
            0,
            0,
            0,
            0,
            0,
            0,
            0,
            0,
        ],
    ),
    path: Path(
        [],
    ),
    timestamp: 0,
    payload_digest: PayloadDigest25(
        Hash(
            "0000000000000000000000000000000000000000000000000000000000000000",
        ),
    ),
    payload_length: 0,
}