Entry {
    namespace_id: NamespaceId25(
        VerifyingKey(CompressedEdwardsY: [75, 99, 125, 188, 62, 186, 232, 119, 100, 182, 74, 128, 75, 176, 149, 192, 147, 117, 165, 86, 129, 202, 199, 178, 189, 87, 0, 121, 90, 233, 101, 255]), EdwardsPoint{
        	X: FieldElement51([2237038890276246, 1486172926984211, 564030526670165, 1594810675963782, 1519476290466740]),
        	Y: FieldElement51([910991790258950, 1321855224946461, 2238090358073281, 518047532357122, 1850662826249769]),
        	Z: FieldElement51([1200360639784509, 293236093691931, 1017253766229496, 2155753697706596, 861622406679270]),
        	T: FieldElement51([854207608672588, 1171285390987428, 1968685119226964, 1961517855548545, 1802802592168288])
        }),
    ),
    subspace_id: SubspaceId25(
        [
            10,
            255,
            0,
            1,
            59,
            0,
            10,
            1,
            0,
            0,
            0,
            1,
            255,
            38,
            255,
            47,
            255,
            255,
            255,
            255,
            255,
            255,
            255,
            59,
            255,
            23,
            223,
            50,
            0,
            0,
            0,
            0,
        ],
    ),
    path: Path(
        [],
    ),
    timestamp: 0,
    payload_digest: PayloadDigest25(
        Hash(
            "0000000000000000000000000000000000000000000000000000000000000000",
        ),
    ),
    payload_length: 0,
}