Entry {
    namespace_id: NamespaceId25(
        VerifyingKey(CompressedEdwardsY: [66, 206, 37, 232, 98, 209, 7, 244, 121, 91, 95, 73, 79, 242, 249, 233, 75, 245, 237, 245, 239, 45, 231, 98, 85, 226, 132, 222, 182, 31, 102, 254]), EdwardsPoint{
        	X: FieldElement51([7648697383984, 1525052395097148, 1960255930012775, 1017447962370723, 1375065420167060]),
        	Y: FieldElement51([2243285439592847, 1114898270382364, 996737481261205, 855742373162710, 1633523874027290]),
        	Z: FieldElement51([2133872810579869, 2083159010676809, 5045348438451, 324183547957905, 225179821041779]),
        	T: FieldElement51([1698904837906397, 2017815814773863, 1238514750487288, 834223754602134, 1976748413330539])
        }),
    ),
    subspace_id: SubspaceId25(
        [
            255,
            255,
            255,
            253,
            255,
            255,
            43,
            67,
            255,
            255,
            0,
            0,
            0,
            0,
            0,
            0,
            0,
            0,
            0,
            0,
            0,
            0,
            0,
            0,
            0,
            0,
            0,
            0,
            0,
            0,
            0,
            0,
        ],
    ),
    path: Path(
        [],
    ),
    timestamp: 0,
    payload_digest: PayloadDigest25(
        Hash(
            "0000000000000000000000000000000000000000000000000000000000000000",
        ),
    ),
    payload_length: 0,
}