Entry {
    namespace_id: NamespaceId25(
        VerifyingKey(CompressedEdwardsY: [242, 46, 242, 78, 77, 253, 129, 22, 109, 139, 99, 83, 20, 80, 228, 171, 253, 121, 3, 160, 83, 49, 50, 174, 44, 56, 204, 181, 76, 206, 91, 31]), EdwardsPoint{
        	X: FieldElement51([1156003119270245, 1605760325657279, 1202316749404835, 1482775517926456, 1354459923924741]),
        	Y: FieldElement51([675713340634352, 452743646363489, 345779120297542, 861949195844643, 1462916842640340]),
        	Z: FieldElement51([1041814090681291, 1817977396115193, 219202809113636, 2043009212638752, 465925398407897]),
        	T: FieldElement51([141901788168717, 2144215521855354, 784595866637547, 1137496030614662, 1063335726615072])
        }),
    ),
    subspace_id: SubspaceId25(
        [
            45,
            255,
            255,
            255,
            253,
            255,
            255,
            43,
            67,
            255,
            247,
            202,
            255,
            0,
            0,
            0,
            0,
            0,
            0,
            0,
            0,
            0,
            0,
            0,
            0,
            0,
            0,
            0,
            0,
            0,
            0,
            0,
        ],
    ),
    path: Path(
        [],
    ),
    timestamp: 0,
    payload_digest: PayloadDigest25(
        Hash(
            "0000000000000000000000000000000000000000000000000000000000000000",
        ),
    ),
    payload_length: 0,
}