Entry {
    namespace_id: NamespaceId25(
        VerifyingKey(CompressedEdwardsY: [14, 241, 64, 194, 225, 62, 151, 135, 137, 65, 179, 130, 240, 134, 15, 248, 186, 193, 206, 25, 161, 91, 76, 86, 25, 8, 110, 54, 143, 226, 57, 229]), EdwardsPoint{
        	X: FieldElement51([1662715050868276, 789981654997799, 1792581031964859, 1631546537601045, 777180403688385]),
        	Y: FieldElement51([858163827933366, 1031029135830348, 569813139131439, 71194150517585, 1872846068061399]),
        	Z: FieldElement51([434821963427293, 148647107762799, 1885124545722767, 44118098052034, 2095589322686557]),
        	T: FieldElement51([1865712565686786, 495121965257314, 797963906624506, 626022048268038, 489251948076514])
        }),
    ),
    subspace_id: SubspaceId25(
        [
            0,
            0,
            0,
            0,
            0,
            2,
            31,
            31,
            31,
            31,
            31,
            31,
            31,
            2,
            0,
            0,
            0,
            0,
            0,
            0,
            0,
            0,
            0,
            0,
            0,
            0,
            0,
            0,
            0,
            0,
            0,
            0,
        ],
    ),
    path: Path(
        [],
    ),
    timestamp: 0,
    payload_digest: PayloadDigest25(
        Hash(
            "0000000000000000000000000000000000000000000000000000000000000000",
        ),
    ),
    payload_length: 0,
}