Entry {
    namespace_id: NamespaceId25(
        VerifyingKey(CompressedEdwardsY: [167, 176, 7, 171, 17, 38, 209, 161, 41, 137, 49, 228, 198, 4, 83, 50, 157, 45, 145, 88, 81, 65, 191, 86, 250, 55, 86, 162, 69, 205, 62, 145]), EdwardsPoint{
        	X: FieldElement51([2216024651775953, 606754778738508, 961535301337055, 1074536541874308, 1813253366653860]),
        	Y: FieldElement51([1398018896249425, 234010683290114, 584448345136989, 1065061333820463, 1633864378695163]),
        	Z: FieldElement51([1984526175408082, 1083863800624113, 684950561174765, 950762348288951, 1077373760474599]),
        	T: FieldElement51([1874528895326637, 1359084121770602, 1486360694581786, 1881737619598248, 1874305862559531])
        }),
    ),
    subspace_id: SubspaceId25(
        [
            0,
            0,
            0,
            0,
            0,
            2,
            31,
            31,
            31,
            31,
            31,
            31,
            31,
            2,
            0,
            0,
            0,
            0,
            0,
            0,
            0,
            0,
            0,
            0,
            0,
            0,
            0,
            0,
            0,
            0,
            0,
            0,
        ],
    ),
    path: Path(
        [],
    ),
    timestamp: 0,
    payload_digest: PayloadDigest25(
        Hash(
            "0000000000000000000000000000000000000000000000000000000000000000",
        ),
    ),
    payload_length: 0,
}