Entry {
    namespace_id: NamespaceId25(
        VerifyingKey(CompressedEdwardsY: [5, 227, 139, 236, 114, 160, 42, 80, 124, 25, 146, 247, 15, 63, 148, 192, 101, 53, 67, 187, 50, 153, 163, 59, 165, 174, 211, 71, 247, 184, 16, 254]), EdwardsPoint{
        	X: FieldElement51([874018512049593, 240464231106694, 2151641074164560, 521469080038020, 1926857238834693]),
        	Y: FieldElement51([1622639125765211, 1507414130547519, 1125614190206363, 814580680617131, 1223068306894186]),
        	Z: FieldElement51([150315193559074, 1275346227184219, 940722898447186, 168516834783781, 1313072174571853]),
        	T: FieldElement51([1351887239036607, 320449408677212, 527017972966777, 650850575073916, 306990090208554])
        }),
    ),
    subspace_id: SubspaceId25(
        [
            31,
            31,
            31,
            31,
            31,
            31,
            38,
            255,
            1,
            47,
            255,
            255,
            255,
            255,
            255,
            255,
            50,
            239,
            0,
            31,
            31,
            31,
            31,
            31,
            31,
            31,
            31,
            31,
            31,
            31,
            31,
            31,
        ],
    ),
    path: Path(
        [
            Component(
                [
                    31,
                ],
            ),
            Component(
                [
                    63,
                    31,
                    31,
                    31,
                    21,
                    31,
                    31,
                    31,
                    31,
                    31,
                    31,
                    31,
                    31,
                    31,
                    31,
                    31,
                    31,
                    31,
                    31,
                    255,
                    255,
                    255,
                    255,
                    255,
                    255,
                    255,
                    255,
                    255,
                    255,
                ],
            ),
            Component(
                [],
            ),
            Component(
                [],
            ),
            Component(
                [],
            ),
            Component(
                [],
            ),
            Component(
                [],
            ),
            Component(
                [],
            ),
            Component(
                [],
            ),
            Component(
                [],
            ),
            Component(
                [],
            ),
            Component(
                [],
            ),
            Component(
                [],
            ),
            Component(
                [],
            ),
            Component(
                [],
            ),
        ],
    ),
    timestamp: 0,
    payload_digest: PayloadDigest25(
        Hash(
            "0000000000000000000000000000000000000000000000000000000000000000",
        ),
    ),
    payload_length: 0,
}