Entry {
    namespace_id: NamespaceId25(
        VerifyingKey(CompressedEdwardsY: [216, 44, 3, 134, 67, 67, 111, 51, 29, 159, 68, 226, 52, 79, 101, 118, 1, 3, 239, 168, 174, 10, 114, 86, 151, 46, 101, 76, 40, 209, 226, 255]), EdwardsPoint{
        	X: FieldElement51([1616539583897213, 742828623756384, 976809084750591, 1290099353548941, 628256438327734]),
        	Y: FieldElement51([488450974713127, 1680322967922593, 1238359422299646, 482082511792974, 1124458147215880]),
        	Z: FieldElement51([2029092021117217, 1325086624571948, 547292337686628, 423587278394480, 1882914732262376]),
        	T: FieldElement51([596615363792676, 384630975777344, 996722927885059, 1322074791785278, 900546050147577])
        }),
    ),
    subspace_id: SubspaceId25(
        [
            0,
            0,
            0,
            0,
            0,
            0,
            63,
            255,
            255,
            255,
            0,
            0,
            0,
            0,
            0,
            0,
            3,
            12,
            255,
            49,
            255,
            38,
            38,
            97,
            45,
            255,
            255,
            255,
            255,
            255,
            49,
            255,
        ],
    ),
    path: Path(
        [],
    ),
    timestamp: 0,
    payload_digest: PayloadDigest25(
        Hash(
            "0000000000000000000000000000000000000000000000000000000000000000",
        ),
    ),
    payload_length: 0,
}