Entry {
    namespace_id: NamespaceId25(
        VerifyingKey(CompressedEdwardsY: [123, 116, 47, 49, 136, 136, 58, 246, 206, 12, 0, 67, 140, 167, 30, 42, 236, 107, 85, 5, 185, 55, 93, 73, 91, 19, 63, 65, 91, 23, 51, 255]), EdwardsPoint{
        	X: FieldElement51([825627355937295, 920763638026365, 1045554720989158, 590095435268303, 26873796993148]),
        	Y: FieldElement51([127986334224921, 1476285556179254, 799878502086316, 442398268764449, 971124070777609]),
        	Z: FieldElement51([1305086793682387, 421929909647194, 1589282391122831, 1845066231246446, 1545424524297086]),
        	T: FieldElement51([1276213141523479, 1781544242143435, 335175182608757, 2099617164905569, 1441815221730159])
        }),
    ),
    subspace_id: SubspaceId25(
        [
            0,
            0,
            10,
            1,
            0,
            0,
            255,
            255,
            208,
            0,
            0,
            250,
            251,
            0,
            205,
            0,
            38,
            231,
            231,
            231,
            231,
            231,
            231,
            231,
            38,
            255,
            255,
            255,
            255,
            255,
            255,
            255,
        ],
    ),
    path: Path(
        [
            Component(
                [
                    255,
                ],
            ),
            Component(
                [],
            ),
            Component(
                [],
            ),
            Component(
                [],
            ),
            Component(
                [],
            ),
            Component(
                [],
            ),
            Component(
                [],
            ),
            Component(
                [],
            ),
            Component(
                [],
            ),
        ],
    ),
    timestamp: 0,
    payload_digest: PayloadDigest25(
        Hash(
            "0000000000000000000000000000000000000000000000000000000000000000",
        ),
    ),
    payload_length: 0,
}