Entry {
    namespace_id: NamespaceId25(
        VerifyingKey(CompressedEdwardsY: [254, 206, 232, 214, 83, 134, 137, 230, 14, 177, 66, 106, 71, 60, 41, 138, 59, 123, 242, 187, 56, 112, 98, 133, 104, 62, 167, 221, 196, 3, 109, 254]), EdwardsPoint{
        	X: FieldElement51([1732548565780897, 1693977581228258, 754205812266247, 1340358533100015, 1627276344235930]),
        	Y: FieldElement51([469027695126921, 371664646435567, 249392113163327, 590508326642278, 370537345392892]),
        	Z: FieldElement51([123786834241915, 693458539000590, 821555194301060, 1473442097074366, 813425892093369]),
        	T: FieldElement51([302996653375113, 1562526919654421, 2117951139494568, 861556715547456, 940980585524910])
        }),
    ),
    subspace_id: SubspaceId25(
        [
            0,
            0,
            0,
            0,
            0,
            0,
            0,
            0,
            0,
            0,
            0,
            0,
            0,
            0,
            0,
            0,
            0,
            0,
            0,
            0,
            0,
            0,
            0,
            0,
            0,
            0,
            0,
            0,
            0,
            0,
            0,
            0,
        ],
    ),
    path: Path(
        [],
    ),
    timestamp: 0,
    payload_digest: PayloadDigest25(
        Hash(
            "0000000000000000000000000000000000000000000000000000000000000000",
        ),
    ),
    payload_length: 0,
}