Entry {
    namespace_id: NamespaceId25(
        VerifyingKey(CompressedEdwardsY: [223, 99, 41, 177, 175, 63, 158, 174, 149, 33, 170, 173, 93, 60, 190, 178, 9, 38, 12, 131, 253, 176, 102, 250, 110, 171, 82, 78, 223, 117, 69, 138]), EdwardsPoint{
        	X: FieldElement51([752494242722963, 179845112899403, 817630451913302, 1066154344141979, 806413533840596]),
        	Y: FieldElement51([1661385933967376, 634689294046687, 635288723293255, 277539645394856, 825539593322495]),
        	Z: FieldElement51([1331291807958628, 609952965786151, 2163834948018954, 2175845992998194, 826258530254361]),
        	T: FieldElement51([2247574302873794, 27891282487492, 2145763036142144, 315422509246424, 1294022059350759])
        }),
    ),
    subspace_id: SubspaceId25(
        [
            0,
            0,
            0,
            0,
            0,
            0,
            0,
            0,
            0,
            0,
            0,
            0,
            0,
            0,
            0,
            0,
            0,
            0,
            0,
            0,
            0,
            0,
            0,
            0,
            0,
            0,
            0,
            0,
            0,
            0,
            0,
            0,
        ],
    ),
    path: Path(
        [],
    ),
    timestamp: 0,
    payload_digest: PayloadDigest25(
        Hash(
            "0000000000000000000000000000000000000000000000000000000000000000",
        ),
    ),
    payload_length: 0,
}