Entry {
    namespace_id: NamespaceId25(
        VerifyingKey(CompressedEdwardsY: [205, 201, 6, 159, 5, 3, 31, 151, 212, 109, 180, 34, 30, 177, 36, 171, 116, 114, 115, 254, 21, 174, 1, 47, 175, 175, 143, 22, 2, 249, 151, 201]), EdwardsPoint{
        	X: FieldElement51([1802220316838896, 660298746607776, 171253504732822, 788751298733244, 76669252625789]),
        	Y: FieldElement51([1556019948259214, 1116783666045410, 1883830493843846, 1766651979682655, 1652237373456615]),
        	Z: FieldElement51([1878372428456318, 1208877741747422, 302855039247916, 762981387647364, 1858907564483183]),
        	T: FieldElement51([1071395658260468, 632130186612423, 2186670161333310, 735429603608880, 882979532964505])
        }),
    ),
    subspace_id: SubspaceId25(
        [
            0,
            0,
            0,
            0,
            0,
            0,
            0,
            0,
            0,
            0,
            0,
            0,
            0,
            0,
            0,
            0,
            0,
            0,
            0,
            0,
            0,
            0,
            0,
            0,
            0,
            0,
            0,
            0,
            0,
            0,
            0,
            0,
        ],
    ),
    path: Path(
        [],
    ),
    timestamp: 0,
    payload_digest: PayloadDigest25(
        Hash(
            "0000000000000000000000000000000000000000000000000000000000000000",
        ),
    ),
    payload_length: 0,
}