Entry {
    namespace_id: NamespaceId25(
        VerifyingKey(CompressedEdwardsY: [55, 193, 133, 55, 60, 135, 23, 220, 230, 14, 144, 229, 179, 174, 127, 70, 196, 148, 205, 152, 209, 109, 30, 133, 49, 186, 148, 250, 153, 96, 211, 255]), EdwardsPoint{
        	X: FieldElement51([1868926393825027, 298725385394759, 1810659699381608, 146510555050798, 1722830598646821]),
        	Y: FieldElement51([349914724148972, 294419496463980, 1846765613103490, 1248027277421652, 1346177906961115]),
        	Z: FieldElement51([664975966660659, 1649162519925828, 452680600170942, 247936608305233, 180758743245602]),
        	T: FieldElement51([79647437998253, 238304929145046, 4085792433572, 1408213800450890, 1242867680836570])
        }),
    ),
    subspace_id: SubspaceId25(
        [
            255,
            255,
            255,
            255,
            255,
            255,
            253,
            255,
            255,
            43,
            83,
            83,
            83,
            83,
            83,
            255,
            255,
            255,
            0,
            67,
            255,
            255,
            247,
            255,
            83,
            83,
            83,
            83,
            255,
            255,
            255,
            255,
        ],
    ),
    path: Path(
        [],
    ),
    timestamp: 0,
    payload_digest: PayloadDigest25(
        Hash(
            "0000000000000000000000000000000000000000000000000000000000000000",
        ),
    ),
    payload_length: 0,
}