Entry {
    namespace_id: NamespaceId25(
        VerifyingKey(CompressedEdwardsY: [22, 82, 78, 68, 68, 182, 5, 94, 14, 247, 105, 223, 60, 144, 102, 233, 7, 225, 220, 88, 247, 214, 97, 117, 99, 72, 59, 96, 118, 72, 182, 254]), EdwardsPoint{
        	X: FieldElement51([712548626610210, 357079839361924, 62136926665837, 283214333125499, 2105689939836956]),
        	Y: FieldElement51([1527207991524235, 1089783963874097, 298128628320054, 1116604468709697, 919656699998400]),
        	Z: FieldElement51([408597627019814, 1071605419524195, 1301934520502965, 263112868695681, 700566275841593]),
        	T: FieldElement51([2162994557317108, 1330028095928471, 392274825653356, 888458129974539, 1526428380061180])
        }),
    ),
    subspace_id: SubspaceId25(
        [
            255,
            255,
            255,
            255,
            255,
            255,
            255,
            117,
            255,
            255,
            247,
            50,
            255,
            255,
            223,
            223,
            255,
            255,
            255,
            255,
            255,
            47,
            255,
            255,
            255,
            255,
            255,
            255,
            255,
            255,
            255,
            255,
        ],
    ),
    path: Path(
        [
            Component(
                [
                    18,
                    255,
                ],
            ),
            Component(
                [],
            ),
            Component(
                [],
            ),
            Component(
                [],
            ),
        ],
    ),
    timestamp: 0,
    payload_digest: PayloadDigest25(
        Hash(
            "0000000000000000000000000000000000000000000000000000000000000000",
        ),
    ),
    payload_length: 0,
}