Entry {
    namespace_id: NamespaceId25(
        VerifyingKey(CompressedEdwardsY: [153, 63, 209, 204, 223, 13, 58, 122, 118, 73, 223, 85, 73, 211, 202, 241, 173, 79, 68, 216, 7, 73, 31, 109, 184, 248, 203, 244, 247, 190, 23, 230]), EdwardsPoint{
        	X: FieldElement51([298018792340722, 102421571845142, 2044515647082123, 313935731734547, 1963449589375204]),
        	Y: FieldElement51([2220458331028822, 601983143363745, 33585704846325, 1753421679565181, 1507409701570122]),
        	Z: FieldElement51([2236611894750988, 133139250809395, 4774502280198, 579782031366503, 1999456529938232]),
        	T: FieldElement51([2059634237930747, 848933386085649, 343253836707558, 1319271617092366, 2076219911534231])
        }),
    ),
    subspace_id: SubspaceId25(
        [
            0,
            0,
            0,
            0,
            0,
            0,
            0,
            0,
            0,
            0,
            0,
            0,
            0,
            0,
            0,
            0,
            0,
            0,
            0,
            0,
            0,
            0,
            0,
            0,
            0,
            0,
            0,
            0,
            0,
            0,
            0,
            0,
        ],
    ),
    path: Path(
        [],
    ),
    timestamp: 0,
    payload_digest: PayloadDigest25(
        Hash(
            "0000000000000000000000000000000000000000000000000000000000000000",
        ),
    ),
    payload_length: 0,
}