Entry {
    namespace_id: NamespaceId25(
        VerifyingKey(CompressedEdwardsY: [47, 95, 155, 217, 163, 127, 239, 240, 26, 129, 95, 216, 141, 211, 84, 31, 218, 233, 235, 30, 123, 169, 35, 53, 174, 0, 227, 80, 29, 253, 168, 54]), EdwardsPoint{
        	X: FieldElement51([1650638029445333, 201815961724456, 1550799431465234, 1189153372012614, 672899141247976]),
        	Y: FieldElement51([594972754262218, 853026868404983, 593425052715983, 524264497835386, 852169645846329]),
        	Z: FieldElement51([609992760842808, 944592335837020, 89408308456065, 2155617863937384, 1013057029506747]),
        	T: FieldElement51([1180599424963508, 1324217125170391, 956351378216734, 1787214717930976, 1942141556101921])
        }),
    ),
    subspace_id: SubspaceId25(
        [
            0,
            0,
            0,
            8,
            48,
            255,
            255,
            10,
            255,
            0,
            1,
            59,
            0,
            10,
            1,
            0,
            0,
            0,
            1,
            255,
            38,
            47,
            255,
            255,
            223,
            255,
            255,
            255,
            255,
            59,
            255,
            23,
        ],
    ),
    path: Path(
        [
            Component(
                [],
            ),
            Component(
                [],
            ),
        ],
    ),
    timestamp: 0,
    payload_digest: PayloadDigest25(
        Hash(
            "0000000000000000000000000000000000000000000000000000000000000000",
        ),
    ),
    payload_length: 0,
}