Entry {
    namespace_id: NamespaceId25(
        VerifyingKey(CompressedEdwardsY: [93, 110, 234, 188, 197, 9, 199, 125, 58, 94, 34, 176, 106, 251, 201, 51, 168, 188, 50, 157, 167, 24, 234, 195, 228, 117, 54, 228, 74, 194, 62, 94]), EdwardsPoint{
        	X: FieldElement51([2207387251332707, 1741875157922964, 1602329559868078, 369619001623821, 53041603186935]),
        	Y: FieldElement51([421496287270778, 1563911418904748, 884178324422387, 549435340134641, 968773845392563]),
        	Z: FieldElement51([341650385360428, 1191176072613728, 726544220280287, 1491259522588984, 1582921056182731]),
        	T: FieldElement51([1237342978343552, 2028111957399185, 1539042063029503, 748072766068556, 1207970163985737])
        }),
    ),
    subspace_id: SubspaceId25(
        [
            0,
            0,
            0,
            0,
            0,
            0,
            63,
            255,
            255,
            255,
            255,
            49,
            255,
            38,
            38,
            38,
            255,
            255,
            255,
            255,
            255,
            255,
            255,
            255,
            255,
            255,
            255,
            255,
            127,
            255,
            255,
            255,
        ],
    ),
    path: Path(
        [],
    ),
    timestamp: 0,
    payload_digest: PayloadDigest25(
        Hash(
            "00000000000000ffffffffffffffffffffffffffffffff31ffffffffffffff00",
        ),
    ),
    payload_length: 0,
}