Entry {
    namespace_id: NamespaceId25(
        VerifyingKey(CompressedEdwardsY: [221, 218, 214, 30, 144, 162, 198, 181, 74, 43, 216, 203, 83, 252, 187, 92, 178, 170, 197, 128, 125, 230, 58, 130, 217, 43, 140, 88, 10, 93, 161, 36]), EdwardsPoint{
        	X: FieldElement51([593933397774247, 1098831654541130, 2211532094395244, 1399786860277771, 406536311966958]),
        	Y: FieldElement51([1465603056954980, 1786303224071067, 862952846455166, 1530375718093563, 973575458426052]),
        	Z: FieldElement51([933838502441120, 189529328519623, 1314655553266783, 1608766588313916, 246164240877187]),
        	T: FieldElement51([259253892781362, 685746159804215, 1862345199907964, 504671773841572, 9552367280379])
        }),
    ),
    subspace_id: SubspaceId25(
        [
            0,
            0,
            0,
            0,
            0,
            0,
            0,
            0,
            0,
            0,
            0,
            0,
            0,
            0,
            0,
            0,
            0,
            0,
            0,
            0,
            0,
            0,
            0,
            0,
            0,
            0,
            0,
            0,
            0,
            0,
            0,
            0,
        ],
    ),
    path: Path(
        [],
    ),
    timestamp: 0,
    payload_digest: PayloadDigest25(
        Hash(
            "0000000000000000000000000000000000000000000000000000000000000000",
        ),
    ),
    payload_length: 0,
}