Entry {
    namespace_id: NamespaceId25(
        VerifyingKey(CompressedEdwardsY: [70, 58, 186, 217, 155, 113, 114, 24, 186, 128, 168, 48, 166, 66, 160, 122, 155, 169, 243, 189, 183, 120, 6, 195, 71, 233, 75, 5, 80, 126, 176, 166]), EdwardsPoint{
        	X: FieldElement51([1262425732481415, 2129845919844295, 2060048017955537, 2136383792282969, 985472230325458]),
        	Y: FieldElement51([1942637379760063, 1256434648069227, 780229546863619, 1245746332811250, 461101260310481]),
        	Z: FieldElement51([1815495564989838, 255859157627407, 1778896051534490, 1888051772405864, 362130602132667]),
        	T: FieldElement51([1129669497339664, 683332559979696, 938655185571384, 692604847222342, 1549868814032791])
        }),
    ),
    subspace_id: SubspaceId25(
        [
            0,
            0,
            0,
            0,
            0,
            0,
            0,
            0,
            0,
            0,
            0,
            0,
            0,
            0,
            0,
            0,
            0,
            0,
            0,
            0,
            0,
            0,
            0,
            0,
            0,
            0,
            0,
            0,
            0,
            0,
            0,
            0,
        ],
    ),
    path: Path(
        [],
    ),
    timestamp: 0,
    payload_digest: PayloadDigest25(
        Hash(
            "0000000000000000000000000000000000000000000000000000000000000000",
        ),
    ),
    payload_length: 0,
}