Entry {
    namespace_id: NamespaceId25(
        VerifyingKey(CompressedEdwardsY: [78, 156, 10, 51, 114, 222, 31, 102, 149, 139, 140, 251, 24, 168, 175, 236, 88, 10, 211, 176, 189, 41, 199, 213, 160, 225, 66, 255, 57, 101, 228, 254]), EdwardsPoint{
        	X: FieldElement51([629464577377898, 544254782403662, 1566388288595119, 444461193817189, 619286324316705]),
        	Y: FieldElement51([1322018603479684, 410187561684229, 1268277889556948, 1285604662930737, 1039816219958690]),
        	Z: FieldElement51([2038078818459, 1359041667289627, 1789307177495301, 297154100746140, 510170322466801]),
        	T: FieldElement51([916755918489332, 578038488993720, 449930475455322, 1032060625667227, 1312933136555337])
        }),
    ),
    subspace_id: SubspaceId25(
        [
            0,
            0,
            0,
            0,
            0,
            0,
            0,
            0,
            0,
            0,
            0,
            0,
            0,
            0,
            0,
            0,
            0,
            0,
            0,
            0,
            0,
            0,
            0,
            0,
            0,
            0,
            0,
            0,
            0,
            0,
            0,
            0,
        ],
    ),
    path: Path(
        [],
    ),
    timestamp: 0,
    payload_digest: PayloadDigest25(
        Hash(
            "0000000000000000000000000000000000000000000000000000000000000000",
        ),
    ),
    payload_length: 0,
}