Entry {
    namespace_id: NamespaceId25(
        VerifyingKey(CompressedEdwardsY: [248, 231, 162, 79, 3, 236, 150, 237, 99, 247, 167, 255, 31, 102, 17, 102, 178, 73, 225, 92, 203, 74, 159, 14, 105, 78, 116, 3, 86, 164, 81, 255]), EdwardsPoint{
        	X: FieldElement51([2140823629431212, 1529362174402598, 64028055160278, 1811072313830934, 677846762560475]),
        	Y: FieldElement51([435139208929821, 582988247076997, 244250600544334, 1125592155117569, 154961128389812]),
        	Z: FieldElement51([1553016080938557, 528654799248550, 1697470025302631, 1894487608084022, 261947028416196]),
        	T: FieldElement51([391759293716613, 1342467607101542, 252753786892209, 859390078166959, 1718370910500169])
        }),
    ),
    subspace_id: SubspaceId25(
        [
            0,
            0,
            0,
            0,
            0,
            0,
            47,
            255,
            255,
            255,
            255,
            50,
            255,
            38,
            38,
            229,
            255,
            255,
            255,
            255,
            255,
            255,
            255,
            255,
            255,
            255,
            255,
            47,
            255,
            255,
            255,
            255,
        ],
    ),
    path: Path(
        [],
    ),
    timestamp: 0,
    payload_digest: PayloadDigest25(
        Hash(
            "0000000000000000000000000000000000000000000000000000000000000000",
        ),
    ),
    payload_length: 0,
}