Entry {
    namespace_id: NamespaceId25(
        VerifyingKey(CompressedEdwardsY: [202, 9, 120, 224, 177, 140, 216, 147, 73, 220, 44, 6, 195, 230, 214, 142, 133, 179, 81, 221, 39, 111, 42, 165, 192, 99, 198, 181, 248, 36, 221, 204]), EdwardsPoint{
        	X: FieldElement51([1903139848299697, 768538051184359, 1434648695472314, 1923478117228865, 1804182517587400]),
        	Y: FieldElement51([1481749659946144, 432059550552465, 1353086980900398, 1412593050067493, 343400321256861]),
        	Z: FieldElement51([1378212211328659, 637836443863823, 156000264994525, 1062118505576783, 209710860150914]),
        	T: FieldElement51([643217852183504, 1280804752188209, 1546380768679263, 1770837426940941, 1832334921286638])
        }),
    ),
    subspace_id: SubspaceId25(
        [
            0,
            0,
            0,
            0,
            0,
            0,
            0,
            0,
            0,
            0,
            0,
            0,
            0,
            0,
            0,
            0,
            0,
            0,
            0,
            0,
            0,
            0,
            0,
            0,
            0,
            0,
            0,
            0,
            0,
            0,
            0,
            0,
        ],
    ),
    path: Path(
        [],
    ),
    timestamp: 0,
    payload_digest: PayloadDigest25(
        Hash(
            "0000000000000000000000000000000000000000000000000000000000000000",
        ),
    ),
    payload_length: 0,
}