Entry {
    namespace_id: NamespaceId25(
        VerifyingKey(CompressedEdwardsY: [78, 126, 80, 241, 164, 84, 112, 206, 138, 18, 225, 205, 98, 64, 64, 10, 217, 248, 192, 116, 186, 178, 37, 189, 204, 117, 44, 90, 130, 3, 118, 254]), EdwardsPoint{
        	X: FieldElement51([1645742477510093, 1454775537727577, 1595326952783191, 294063388977094, 243522849508319]),
        	Y: FieldElement51([1623808993858662, 1892170641231081, 1553328374818809, 1834562858850020, 845563145197442]),
        	Z: FieldElement51([62900465074043, 1766371252442349, 876288953109683, 347326724019487, 1049327450636672]),
        	T: FieldElement51([8717512193944, 283917071832273, 760754878179589, 78454555119428, 1021509018643562])
        }),
    ),
    subspace_id: SubspaceId25(
        [
            0,
            0,
            0,
            0,
            0,
            0,
            63,
            255,
            255,
            255,
            255,
            49,
            255,
            38,
            38,
            45,
            255,
            255,
            255,
            255,
            255,
            255,
            255,
            255,
            255,
            255,
            255,
            47,
            255,
            255,
            255,
            255,
        ],
    ),
    path: Path(
        [],
    ),
    timestamp: 0,
    payload_digest: PayloadDigest25(
        Hash(
            "0000000000000000000000000000000000000000000000000000000000000000",
        ),
    ),
    payload_length: 0,
}