Entry {
    namespace_id: NamespaceId25(
        VerifyingKey(CompressedEdwardsY: [241, 120, 25, 245, 122, 53, 216, 51, 70, 82, 174, 247, 216, 83, 89, 125, 197, 62, 129, 152, 94, 238, 228, 182, 135, 141, 45, 0, 89, 2, 32, 255]), EdwardsPoint{
        	X: FieldElement51([2212155967874851, 326066546507046, 1513985687244782, 1387191627677254, 1713666741625682]),
        	Y: FieldElement51([1453257363859012, 472221197190819, 2095206492337300, 239099541623433, 2097496463064882]),
        	Z: FieldElement51([1102362190610484, 1889182539977268, 1439666681573134, 248645040394280, 283292026861937]),
        	T: FieldElement51([1438772353228808, 286175137291158, 1553893284218225, 1113025703520250, 667054724146931])
        }),
    ),
    subspace_id: SubspaceId25(
        [
            0,
            0,
            0,
            0,
            0,
            0,
            63,
            255,
            255,
            255,
            255,
            255,
            255,
            255,
            255,
            255,
            255,
            255,
            255,
            255,
            47,
            255,
            255,
            255,
            255,
            255,
            255,
            255,
            255,
            0,
            0,
            0,
        ],
    ),
    path: Path(
        [],
    ),
    timestamp: 0,
    payload_digest: PayloadDigest25(
        Hash(
            "0000000000fffffffffffffffffffffffffffffffff735fffffffffffd35ffff",
        ),
    ),
    payload_length: 18446744073709551615,
}