Entry {
    namespace_id: NamespaceId25(
        VerifyingKey(CompressedEdwardsY: [239, 250, 72, 2, 139, 69, 243, 226, 43, 17, 161, 232, 2, 174, 35, 244, 219, 96, 87, 219, 17, 23, 69, 101, 32, 207, 28, 160, 0, 238, 174, 255]), EdwardsPoint{
        	X: FieldElement51([903216084493621, 1059428185932266, 538729820817984, 90389793592919, 1162381150694788]),
        	Y: FieldElement51([328989654293475, 1498813115091183, 2029537511271499, 228630618149197, 785697945384951]),
        	Z: FieldElement51([659866723033417, 497826230135192, 2065535756501447, 70733411604096, 890823232508715]),
        	T: FieldElement51([602441819683261, 2022008603901290, 252344103303990, 781294207912668, 1027488038027570])
        }),
    ),
    subspace_id: SubspaceId25(
        [
            0,
            0,
            0,
            0,
            0,
            0,
            63,
            255,
            255,
            255,
            255,
            50,
            255,
            255,
            255,
            255,
            255,
            255,
            255,
            255,
            255,
            47,
            255,
            255,
            255,
            255,
            255,
            255,
            255,
            255,
            255,
            255,
        ],
    ),
    path: Path(
        [],
    ),
    timestamp: 0,
    payload_digest: PayloadDigest25(
        Hash(
            "0000000000000000000000000000000000000000000000000000000000000000",
        ),
    ),
    payload_length: 0,
}