Entry {
    namespace_id: NamespaceId25(
        VerifyingKey(CompressedEdwardsY: [148, 82, 44, 60, 228, 112, 195, 14, 142, 121, 114, 155, 67, 115, 145, 188, 158, 235, 164, 126, 53, 89, 145, 23, 236, 228, 240, 115, 210, 14, 155, 254]), EdwardsPoint{
        	X: FieldElement51([133235091769069, 154601201343219, 2116595377240863, 1821912224266819, 925127395621550]),
        	Y: FieldElement51([977422248913947, 2208866417290721, 2209827661722847, 2129552952777549, 1288504322430037]),
        	Z: FieldElement51([1250487741985590, 1514667725205824, 497774221825125, 1852449501996659, 35419151814094]),
        	T: FieldElement51([1833710806582693, 719826616278561, 1494518654031811, 1152291960622761, 1050263536586332])
        }),
    ),
    subspace_id: SubspaceId25(
        [
            0,
            0,
            0,
            0,
            0,
            0,
            47,
            255,
            255,
            255,
            255,
            50,
            255,
            38,
            38,
            45,
            255,
            255,
            255,
            255,
            255,
            255,
            255,
            255,
            255,
            255,
            255,
            47,
            255,
            255,
            255,
            255,
        ],
    ),
    path: Path(
        [],
    ),
    timestamp: 0,
    payload_digest: PayloadDigest25(
        Hash(
            "0000000000000000000000000000000000000000000000000000000000000000",
        ),
    ),
    payload_length: 0,
}