Entry {
    namespace_id: NamespaceId25(
        VerifyingKey(CompressedEdwardsY: [218, 188, 90, 23, 190, 216, 52, 90, 152, 125, 169, 79, 195, 32, 111, 174, 27, 24, 182, 128, 25, 105, 163, 237, 28, 76, 254, 147, 202, 241, 144, 254]), EdwardsPoint{
        	X: FieldElement51([1305175760148924, 864355208786073, 1210121137813456, 178865144823816, 604880548997493]),
        	Y: FieldElement51([176848184736279, 629420885648240, 622940140947500, 279982099953320, 76659685047512]),
        	Z: FieldElement51([640309446159164, 968421184610576, 381542401703271, 149703385628693, 33187581517111]),
        	T: FieldElement51([973500305831023, 1345261947750728, 771630234611421, 980756904420293, 959540454613382])
        }),
    ),
    subspace_id: SubspaceId25(
        [
            255,
            255,
            255,
            255,
            255,
            255,
            253,
            255,
            255,
            43,
            83,
            83,
            83,
            83,
            83,
            255,
            255,
            255,
            0,
            67,
            255,
            255,
            247,
            255,
            83,
            83,
            83,
            83,
            83,
            83,
            83,
            83,
        ],
    ),
    path: Path(
        [],
    ),
    timestamp: 0,
    payload_digest: PayloadDigest25(
        Hash(
            "0000000000000000000000000000000000000000000000000000000000000000",
        ),
    ),
    payload_length: 0,
}