Entry {
    namespace_id: NamespaceId25(
        VerifyingKey(CompressedEdwardsY: [170, 46, 232, 49, 225, 164, 134, 100, 229, 189, 213, 61, 219, 190, 171, 95, 205, 136, 33, 248, 253, 123, 8, 120, 26, 211, 108, 79, 82, 224, 248, 232]), EdwardsPoint{
        	X: FieldElement51([961677061402378, 1460514276823771, 2042367160303217, 706348003371730, 843129794127614]),
        	Y: FieldElement51([27283707442709, 1840521823819295, 1827083283455198, 1350725239958208, 789990982531225]),
        	Z: FieldElement51([1783913248367196, 154796490911111, 1961781025380829, 697539430351109, 1743239151979071]),
        	T: FieldElement51([1304020359587347, 2169244737910094, 1942967706432442, 1859939194655948, 2222694732941100])
        }),
    ),
    subspace_id: SubspaceId25(
        [
            0,
            0,
            0,
            0,
            0,
            0,
            255,
            65,
            255,
            255,
            255,
            255,
            255,
            255,
            255,
            3,
            0,
            0,
            0,
            0,
            0,
            217,
            217,
            255,
            255,
            255,
            255,
            255,
            255,
            45,
            255,
            255,
        ],
    ),
    path: Path(
        [
            Component(
                [
                    255,
                    255,
                    255,
                    10,
                    0,
                ],
            ),
            Component(
                [],
            ),
            Component(
                [],
            ),
        ],
    ),
    timestamp: 0,
    payload_digest: PayloadDigest25(
        Hash(
            "0000000000000000000000000000000000000000000000000000000000000000",
        ),
    ),
    payload_length: 0,
}