Entry {
    namespace_id: NamespaceId25(
        VerifyingKey(CompressedEdwardsY: [77, 39, 148, 201, 176, 48, 25, 24, 96, 197, 170, 36, 230, 70, 255, 183, 53, 184, 2, 4, 6, 29, 102, 107, 86, 210, 31, 171, 154, 10, 63, 255]), EdwardsPoint{
        	X: FieldElement51([1629110144518479, 888660326976565, 1995527058965758, 213380116923187, 1222904777123593]),
        	Y: FieldElement51([1696974605867973, 2123849167718066, 1584596682952319, 182930983652260, 1579311994666294]),
        	Z: FieldElement51([1138400269760743, 1136487312712893, 943931408904418, 126291091107911, 521696206540504]),
        	T: FieldElement51([2185811371951531, 1574810743549082, 230853387603530, 318684291730059, 790302855413238])
        }),
    ),
    subspace_id: SubspaceId25(
        [
            255,
            0,
            66,
            255,
            255,
            111,
            111,
            111,
            255,
            255,
            255,
            255,
            255,
            255,
            255,
            0,
            67,
            255,
            255,
            255,
            255,
            255,
            255,
            255,
            255,
            255,
            255,
            255,
            255,
            255,
            255,
            255,
        ],
    ),
    path: Path(
        [],
    ),
    timestamp: 0,
    payload_digest: PayloadDigest25(
        Hash(
            "0000000000000000000000000000000000000000000000000000000000000000",
        ),
    ),
    payload_length: 0,
}