Entry {
    namespace_id: NamespaceId25(
        VerifyingKey(CompressedEdwardsY: [7, 58, 66, 114, 48, 199, 76, 46, 19, 135, 137, 42, 190, 193, 103, 219, 13, 30, 107, 86, 77, 68, 96, 163, 211, 196, 25, 20, 219, 197, 130, 255]), EdwardsPoint{
        	X: FieldElement51([1407365460806941, 1799792767948782, 774191789197220, 1802965169377148, 797162336619939]),
        	Y: FieldElement51([1482331444210940, 1366569413148571, 1962264057314673, 1372597010325630, 614304237845265]),
        	Z: FieldElement51([2050239492028950, 971395874543536, 677475282449241, 227248590531125, 906795871280636]),
        	T: FieldElement51([553380263037636, 1852846847729947, 2206926061226641, 969601049905019, 743937317318702])
        }),
    ),
    subspace_id: SubspaceId25(
        [
            0,
            0,
            0,
            0,
            0,
            0,
            63,
            255,
            255,
            255,
            255,
            255,
            255,
            255,
            255,
            47,
            255,
            255,
            255,
            255,
            254,
            255,
            255,
            255,
            255,
            255,
            255,
            255,
            255,
            255,
            255,
            255,
        ],
    ),
    path: Path(
        [],
    ),
    timestamp: 0,
    payload_digest: PayloadDigest25(
        Hash(
            "0000000000000000000000000000000000000000000000000000000000000000",
        ),
    ),
    payload_length: 0,
}