Entry {
    namespace_id: NamespaceId25(
        VerifyingKey(CompressedEdwardsY: [130, 241, 227, 65, 224, 65, 102, 109, 125, 35, 34, 54, 161, 84, 228, 233, 214, 42, 153, 44, 153, 183, 5, 83, 178, 188, 193, 98, 121, 151, 255, 162]), EdwardsPoint{
        	X: FieldElement51([322351278512532, 933171613272247, 225217976463914, 209480556893990, 1209156715486607]),
        	Y: FieldElement51([505637886999318, 2142352619137875, 1945152764633086, 347788812992927, 2065918524591261]),
        	Z: FieldElement51([1602926557918942, 1534097756274571, 2232294797414542, 398173502782555, 2201938288297340]),
        	T: FieldElement51([1227349399830119, 1524970959483938, 1310565593774323, 1899174508085481, 831341439191866])
        }),
    ),
    subspace_id: SubspaceId25(
        [
            0,
            0,
            0,
            0,
            0,
            0,
            0,
            0,
            0,
            0,
            0,
            0,
            0,
            0,
            0,
            0,
            0,
            0,
            0,
            0,
            0,
            0,
            0,
            0,
            0,
            0,
            0,
            0,
            0,
            0,
            0,
            0,
        ],
    ),
    path: Path(
        [],
    ),
    timestamp: 0,
    payload_digest: PayloadDigest25(
        Hash(
            "0000000000000000000000000000000000000000000000000000000000000000",
        ),
    ),
    payload_length: 0,
}