Entry {
    namespace_id: NamespaceId25(
        VerifyingKey(CompressedEdwardsY: [203, 2, 114, 156, 25, 191, 107, 152, 36, 104, 82, 175, 46, 207, 60, 44, 191, 21, 24, 185, 159, 26, 2, 200, 214, 211, 52, 13, 189, 197, 152, 255]), EdwardsPoint{
        	X: FieldElement51([657838018246190, 1232507190079287, 1691787510243081, 1066293367302688, 520853303047941]),
        	Y: FieldElement51([1984201655287782, 1469000466608456, 392676264617398, 2204425589289450, 484702647878700]),
        	Z: FieldElement51([129037010988701, 155506763503682, 1829080783505454, 195317836802084, 1199855271339557]),
        	T: FieldElement51([521004766269844, 1730098252448516, 1596297510848178, 7839538413790, 538253969009790])
        }),
    ),
    subspace_id: SubspaceId25(
        [
            0,
            64,
            255,
            255,
            255,
            255,
            255,
            255,
            255,
            255,
            255,
            255,
            47,
            255,
            255,
            255,
            255,
            255,
            255,
            255,
            255,
            255,
            255,
            255,
            255,
            0,
            0,
            0,
            7,
            255,
            255,
            255,
        ],
    ),
    path: Path(
        [],
    ),
    timestamp: 0,
    payload_digest: PayloadDigest25(
        Hash(
            "0000000000000000000000000000000000000000000000000000000000000000",
        ),
    ),
    payload_length: 0,
}