Entry {
    namespace_id: NamespaceId25(
        VerifyingKey(CompressedEdwardsY: [14, 46, 146, 103, 123, 87, 162, 231, 166, 72, 245, 204, 237, 246, 148, 143, 137, 235, 120, 183, 184, 124, 75, 114, 85, 251, 213, 13, 15, 31, 194, 255]), EdwardsPoint{
        	X: FieldElement51([1101476279822472, 655278180041842, 779783051434418, 1793267645190902, 427450757196957]),
        	Y: FieldElement51([1140748956284456, 739979002966710, 1590668115706579, 1317698750427990, 1312307076130719]),
        	Z: FieldElement51([2076415346840671, 1140762337362010, 1811240977600974, 583788801775607, 1417112391927319]),
        	T: FieldElement51([1039716976133967, 1162386369484054, 1404717389416341, 1952905845459829, 1023330064921359])
        }),
    ),
    subspace_id: SubspaceId25(
        [
            0,
            0,
            0,
            0,
            0,
            0,
            63,
            255,
            255,
            255,
            255,
            50,
            255,
            38,
            38,
            45,
            255,
            255,
            255,
            255,
            255,
            255,
            255,
            255,
            255,
            255,
            255,
            47,
            255,
            255,
            255,
            255,
        ],
    ),
    path: Path(
        [],
    ),
    timestamp: 0,
    payload_digest: PayloadDigest25(
        Hash(
            "0000000000000000000000000000000000000000000000000000000000000000",
        ),
    ),
    payload_length: 0,
}