Entry {
    namespace_id: NamespaceId25(
        VerifyingKey(CompressedEdwardsY: [93, 172, 195, 218, 194, 111, 136, 88, 40, 40, 180, 149, 14, 239, 216, 38, 216, 253, 66, 221, 11, 180, 172, 79, 205, 136, 99, 215, 244, 0, 48, 254]), EdwardsPoint{
        	X: FieldElement51([950151569298482, 1747814415622727, 1296734784206914, 1994708849926867, 2000632324660288]),
        	Y: FieldElement51([1732363968174034, 1303087503552453, 1961238967592987, 290578558249108, 1297170639387662]),
        	Z: FieldElement51([559106605506392, 286742462073526, 659515981817794, 1180861732231248, 1639841424087722]),
        	T: FieldElement51([1924037549008758, 1276893901222117, 810333175427950, 1314655396667757, 1378266136241491])
        }),
    ),
    subspace_id: SubspaceId25(
        [
            0,
            0,
            0,
            0,
            0,
            0,
            0,
            0,
            0,
            0,
            0,
            0,
            0,
            0,
            0,
            0,
            0,
            0,
            0,
            0,
            0,
            0,
            0,
            0,
            0,
            0,
            0,
            0,
            0,
            0,
            0,
            0,
        ],
    ),
    path: Path(
        [],
    ),
    timestamp: 0,
    payload_digest: PayloadDigest25(
        Hash(
            "0000000000000000000000000000000000000000000000000000000000000000",
        ),
    ),
    payload_length: 0,
}