Entry {
    namespace_id: NamespaceId25(
        VerifyingKey(CompressedEdwardsY: [47, 138, 171, 25, 123, 104, 65, 221, 196, 27, 110, 239, 3, 182, 191, 177, 52, 111, 135, 168, 123, 90, 199, 173, 101, 10, 193, 12, 250, 229, 229, 230]), EdwardsPoint{
        	X: FieldElement51([548185501427434, 2090807814879321, 51492758420485, 1932381775079986, 1192769531442989]),
        	Y: FieldElement51([419859393861291, 1124887798070064, 1113914731367783, 948616598075528, 1300698228577936]),
        	Z: FieldElement51([417875429356316, 867063054491389, 991598573146068, 2059440130202222, 37161009964816]),
        	T: FieldElement51([582321527961515, 432891593957153, 1570728240925756, 1210369445584374, 386178524861543])
        }),
    ),
    subspace_id: SubspaceId25(
        [
            0,
            0,
            0,
            0,
            0,
            0,
            0,
            0,
            0,
            0,
            0,
            0,
            0,
            0,
            0,
            0,
            0,
            0,
            0,
            0,
            0,
            0,
            0,
            0,
            0,
            0,
            0,
            0,
            0,
            0,
            0,
            0,
        ],
    ),
    path: Path(
        [],
    ),
    timestamp: 0,
    payload_digest: PayloadDigest25(
        Hash(
            "0000000000000000000000000000000000000000000000000000000000000000",
        ),
    ),
    payload_length: 0,
}