Entry {
    namespace_id: NamespaceId25(
        VerifyingKey(CompressedEdwardsY: [127, 17, 253, 184, 39, 175, 114, 157, 187, 19, 125, 26, 217, 66, 72, 245, 3, 92, 22, 84, 150, 249, 128, 95, 246, 187, 49, 181, 55, 147, 131, 185]), EdwardsPoint{
        	X: FieldElement51([1914202042679347, 2080918567086130, 845020642350328, 1559412069298683, 870808288254941]),
        	Y: FieldElement51([144844417338912, 799362837268216, 1918465597318792, 42654292279172, 1914998399873363]),
        	Z: FieldElement51([1159950382051188, 2138723512378339, 1896226974900341, 1538954494950047, 963599250529228]),
        	T: FieldElement51([1363445763923714, 214031641272952, 1469696682953560, 121240545819625, 1305990557238397])
        }),
    ),
    subspace_id: SubspaceId25(
        [
            0,
            0,
            0,
            0,
            0,
            0,
            0,
            0,
            0,
            0,
            0,
            0,
            0,
            0,
            0,
            0,
            0,
            0,
            0,
            0,
            0,
            0,
            0,
            0,
            0,
            0,
            0,
            0,
            0,
            0,
            0,
            0,
        ],
    ),
    path: Path(
        [],
    ),
    timestamp: 0,
    payload_digest: PayloadDigest25(
        Hash(
            "0000000000000000000000000000000000000000000000000000000000000000",
        ),
    ),
    payload_length: 0,
}