Entry {
    namespace_id: NamespaceId25(
        VerifyingKey(CompressedEdwardsY: [119, 176, 123, 231, 34, 159, 216, 158, 86, 169, 159, 83, 224, 239, 42, 93, 27, 47, 40, 225, 55, 24, 87, 111, 27, 56, 255, 68, 30, 60, 180, 5]), EdwardsPoint{
        	X: FieldElement51([1011933503577669, 941194637511146, 1500966378547957, 2004844555291273, 442622792297295]),
        	Y: FieldElement51([1044982057403922, 843599996154948, 1330480059624780, 1956855618701305, 680209219658335]),
        	Z: FieldElement51([1273554569733019, 1469625380886495, 1380448865576906, 251697673200347, 236302195891521]),
        	T: FieldElement51([361862556816197, 1764505982410711, 1354313190271646, 1601635878405368, 2163431841622618])
        }),
    ),
    subspace_id: SubspaceId25(
        [
            0,
            0,
            0,
            0,
            0,
            0,
            0,
            0,
            0,
            0,
            0,
            0,
            0,
            0,
            0,
            0,
            0,
            0,
            0,
            0,
            0,
            0,
            0,
            0,
            0,
            0,
            0,
            0,
            0,
            0,
            0,
            0,
        ],
    ),
    path: Path(
        [],
    ),
    timestamp: 0,
    payload_digest: PayloadDigest25(
        Hash(
            "0000000000000000000000000000000000000000000000000000000000000000",
        ),
    ),
    payload_length: 0,
}