Entry {
    namespace_id: NamespaceId25(
        VerifyingKey(CompressedEdwardsY: [171, 114, 235, 115, 183, 7, 223, 89, 28, 187, 19, 48, 8, 215, 111, 251, 57, 242, 211, 127, 78, 69, 173, 57, 87, 106, 190, 200, 64, 231, 140, 254]), EdwardsPoint{
        	X: FieldElement51([614985293217547, 328516552436320, 313903938719741, 1655873773957092, 1953517110956263]),
        	Y: FieldElement51([1108749293801235, 731427482309299, 55919788260144, 1039949866696800, 633591250242009]),
        	Z: FieldElement51([1399727206848872, 1504334563903053, 242781584137303, 268206781458161, 102708322856319]),
        	T: FieldElement51([1905111444561828, 1471899067357228, 1924206955676469, 179531255592893, 1347685323286374])
        }),
    ),
    subspace_id: SubspaceId25(
        [
            0,
            0,
            0,
            0,
            0,
            0,
            0,
            0,
            0,
            0,
            0,
            0,
            0,
            0,
            0,
            0,
            0,
            0,
            0,
            0,
            0,
            0,
            0,
            0,
            0,
            0,
            0,
            0,
            0,
            0,
            0,
            0,
        ],
    ),
    path: Path(
        [],
    ),
    timestamp: 0,
    payload_digest: PayloadDigest25(
        Hash(
            "0000000000000000000000000000000000000000000000000000000000000000",
        ),
    ),
    payload_length: 0,
}