Entry {
    namespace_id: NamespaceId25(
        VerifyingKey(CompressedEdwardsY: [129, 121, 90, 82, 119, 28, 233, 91, 3, 102, 180, 186, 127, 162, 194, 109, 239, 65, 46, 77, 99, 15, 127, 192, 167, 195, 40, 31, 225, 23, 113, 255]), EdwardsPoint{
        	X: FieldElement51([2122238610395580, 470148051878650, 1090637715549019, 2186868331865726, 155751038523660]),
        	Y: FieldElement51([1475621936122979, 328770072922396, 2098175462913296, 1965616141445493, 1378822575467146]),
        	Z: FieldElement51([355868684347384, 2246750099791786, 547710340247817, 702202661198368, 2180339501295593]),
        	T: FieldElement51([1396051816214615, 973814047475718, 1744131355364691, 808567179740679, 1132065488299635])
        }),
    ),
    subspace_id: SubspaceId25(
        [
            255,
            255,
            255,
            0,
            0,
            0,
            0,
            0,
            0,
            0,
            0,
            0,
            0,
            0,
            0,
            0,
            0,
            0,
            0,
            0,
            0,
            0,
            0,
            0,
            0,
            0,
            0,
            0,
            0,
            0,
            0,
            0,
        ],
    ),
    path: Path(
        [],
    ),
    timestamp: 0,
    payload_digest: PayloadDigest25(
        Hash(
            "0000000000000000000000000000000000000000000000000000000000000000",
        ),
    ),
    payload_length: 0,
}