Entry {
    namespace_id: NamespaceId25(
        VerifyingKey(CompressedEdwardsY: [176, 216, 102, 170, 208, 153, 155, 36, 102, 101, 69, 144, 14, 159, 209, 30, 176, 206, 82, 13, 148, 115, 211, 42, 24, 52, 77, 86, 174, 35, 215, 254]), EdwardsPoint{
        	X: FieldElement51([270040704403290, 1976713943907428, 1939950185245825, 830554207048139, 1285725831195573]),
        	Y: FieldElement51([47745324009414, 21403630060459, 178487342884381, 2239227074765589, 222414237379993]),
        	Z: FieldElement51([696044433588362, 2227756792786969, 1345173457380982, 114515375706122, 1906767510944946]),
        	T: FieldElement51([2091339261016723, 882397894844928, 734454653463198, 206962327136864, 924791533877481])
        }),
    ),
    subspace_id: SubspaceId25(
        [
            0,
            0,
            0,
            0,
            0,
            0,
            0,
            0,
            0,
            0,
            0,
            0,
            0,
            0,
            0,
            0,
            0,
            0,
            0,
            0,
            0,
            0,
            0,
            0,
            0,
            0,
            0,
            0,
            0,
            0,
            0,
            0,
        ],
    ),
    path: Path(
        [],
    ),
    timestamp: 0,
    payload_digest: PayloadDigest25(
        Hash(
            "0000000000000000000000000000000000000000000000000000000000000000",
        ),
    ),
    payload_length: 0,
}