Entry {
    namespace_id: NamespaceId25(
        VerifyingKey(CompressedEdwardsY: [234, 246, 104, 121, 133, 71, 82, 187, 94, 129, 86, 109, 117, 249, 71, 2, 168, 214, 228, 165, 137, 193, 8, 132, 234, 186, 235, 49, 28, 76, 6, 255]), EdwardsPoint{
        	X: FieldElement51([59364357782949, 577036765818999, 486946854981823, 791995502777218, 971748414671670]),
        	Y: FieldElement51([78125715070278, 1405577844085585, 1884564977872072, 413113326684949, 481968917514448]),
        	Z: FieldElement51([1899593696383951, 2089976107530765, 133164204451459, 895140769038107, 1261177109236965]),
        	T: FieldElement51([1406556727630341, 2030133363309221, 769492465179388, 963039902757580, 1054337620054924])
        }),
    ),
    subspace_id: SubspaceId25(
        [
            83,
            83,
            83,
            83,
            83,
            83,
            83,
            83,
            83,
            83,
            83,
            83,
            83,
            83,
            83,
            83,
            83,
            83,
            83,
            83,
            83,
            83,
            115,
            239,
            239,
            239,
            239,
            83,
            83,
            83,
            83,
            83,
        ],
    ),
    path: Path(
        [],
    ),
    timestamp: 0,
    payload_digest: PayloadDigest25(
        Hash(
            "0000000000000000000000000000000000000000000000000000000000000000",
        ),
    ),
    payload_length: 0,
}