Entry {
    namespace_id: NamespaceId25(
        VerifyingKey(CompressedEdwardsY: [149, 198, 165, 66, 149, 178, 37, 62, 135, 223, 232, 233, 252, 56, 149, 242, 131, 53, 24, 42, 43, 64, 194, 242, 112, 79, 159, 219, 125, 18, 203, 255]), EdwardsPoint{
        	X: FieldElement51([1037100768847614, 1684766416002736, 607278313357730, 1993945665083621, 2014314050422652]),
        	Y: FieldElement51([1138722551360, 2072031674482315, 546337504932740, 1737893287649951, 2107450165788438]),
        	Z: FieldElement51([1576623264940163, 458428500331947, 210045201226877, 2139528159571050, 1272782048233402]),
        	T: FieldElement51([1180006204225354, 1247555193054832, 1505886870796675, 1230400316268107, 879825683354852])
        }),
    ),
    subspace_id: SubspaceId25(
        [
            255,
            255,
            255,
            255,
            0,
            0,
            133,
            133,
            133,
            0,
            0,
            0,
            0,
            63,
            255,
            255,
            255,
            255,
            255,
            255,
            255,
            47,
            255,
            255,
            255,
            255,
            255,
            255,
            255,
            255,
            255,
            255,
        ],
    ),
    path: Path(
        [],
    ),
    timestamp: 18446515375290974007,
    payload_digest: PayloadDigest25(
        Hash(
            "ffffffffffffffffffffffffff08ffffffff0000000000000000000000000000",
        ),
    ),
    payload_length: 0,
}