Entry {
    namespace_id: NamespaceId25(
        VerifyingKey(CompressedEdwardsY: [246, 139, 243, 155, 125, 218, 208, 79, 148, 184, 79, 140, 72, 243, 221, 10, 188, 9, 189, 7, 113, 172, 90, 202, 159, 170, 146, 136, 35, 24, 55, 196]), EdwardsPoint{
        	X: FieldElement51([2068957925943607, 2038129277092495, 1215543500924206, 1878833105408193, 789537276140374]),
        	Y: FieldElement51([952568204700258, 2063369515260566, 29667229277488, 1880154758272562, 1133698890679988]),
        	Z: FieldElement51([622921099914915, 1841892448273495, 1393231813298974, 1628742621809419, 1516369694803606]),
        	T: FieldElement51([1217058329063900, 2234343375355583, 789404102374365, 817661964764817, 706200263609449])
        }),
    ),
    subspace_id: SubspaceId25(
        [
            0,
            0,
            0,
            0,
            0,
            0,
            0,
            0,
            0,
            0,
            0,
            0,
            0,
            0,
            0,
            0,
            0,
            0,
            0,
            0,
            0,
            0,
            0,
            0,
            0,
            0,
            0,
            0,
            0,
            0,
            0,
            0,
        ],
    ),
    path: Path(
        [],
    ),
    timestamp: 0,
    payload_digest: PayloadDigest25(
        Hash(
            "0000000000000000000000000000000000000000000000000000000000000000",
        ),
    ),
    payload_length: 0,
}