Entry {
    namespace_id: NamespaceId25(
        VerifyingKey(CompressedEdwardsY: [88, 250, 126, 63, 60, 245, 162, 235, 147, 139, 22, 197, 182, 79, 232, 154, 187, 5, 224, 42, 135, 127, 173, 177, 154, 76, 152, 188, 91, 198, 244, 255]), EdwardsPoint{
        	X: FieldElement51([1674410727966613, 926383043269724, 1528397262768947, 208667731493944, 415630120833264]),
        	Y: FieldElement51([2096407212607536, 1385607958710838, 2104671145010718, 933480944828023, 1208967442936290]),
        	Z: FieldElement51([1605596240816657, 1733145261832880, 1772628811640235, 1458262164795493, 2128373967548746]),
        	T: FieldElement51([179748231872388, 793199460523474, 450158343061613, 662172236863857, 2212462966262619])
        }),
    ),
    subspace_id: SubspaceId25(
        [
            0,
            0,
            0,
            0,
            0,
            0,
            63,
            255,
            255,
            255,
            255,
            49,
            255,
            38,
            38,
            45,
            255,
            255,
            255,
            255,
            255,
            255,
            255,
            255,
            255,
            255,
            255,
            47,
            255,
            255,
            255,
            255,
        ],
    ),
    path: Path(
        [],
    ),
    timestamp: 18446743193241255935,
    payload_digest: PayloadDigest25(
        Hash(
            "ffffffff0affff00000000000000000000000000000000000000000000000000",
        ),
    ),
    payload_length: 0,
}