Entry {
    namespace_id: NamespaceId25(
        VerifyingKey(CompressedEdwardsY: [248, 250, 3, 127, 199, 163, 58, 137, 149, 89, 116, 138, 242, 49, 181, 127, 15, 71, 60, 93, 11, 248, 130, 166, 22, 180, 46, 109, 219, 119, 228, 255]), EdwardsPoint{
        	X: FieldElement51([438798614864839, 327433536164202, 583387255011796, 503570190013650, 2135820864860493]),
        	Y: FieldElement51([1699875090679924, 1430454538834648, 120028215563724, 1709902836393018, 400561810694231]),
        	Z: FieldElement51([1142782318174342, 555163219859653, 587220060112078, 433219458624234, 232049829245033]),
        	T: FieldElement51([15277071533904, 1121015501677367, 265324702291338, 573414199274226, 1521815157667190])
        }),
    ),
    subspace_id: SubspaceId25(
        [
            0,
            0,
            0,
            0,
            0,
            0,
            0,
            0,
            0,
            0,
            0,
            0,
            0,
            0,
            0,
            0,
            0,
            0,
            0,
            0,
            0,
            0,
            0,
            0,
            0,
            0,
            0,
            0,
            0,
            0,
            0,
            0,
        ],
    ),
    path: Path(
        [],
    ),
    timestamp: 0,
    payload_digest: PayloadDigest25(
        Hash(
            "0000000000000000000000000000000000000000000000000000000000000000",
        ),
    ),
    payload_length: 0,
}