Entry {
    namespace_id: NamespaceId25(
        VerifyingKey(CompressedEdwardsY: [188, 177, 119, 16, 231, 58, 162, 241, 6, 17, 249, 242, 1, 147, 76, 19, 15, 143, 34, 250, 139, 136, 45, 40, 178, 187, 32, 179, 10, 154, 225, 70]), EdwardsPoint{
        	X: FieldElement51([270788415179670, 1912596872037116, 1836875474738218, 76872729962542, 697468539277128]),
        	Y: FieldElement51([528243060911976, 629393888798131, 139317645152500, 1560436109580105, 1386934333202511]),
        	Z: FieldElement51([416282246391167, 1030896386947893, 436277566827679, 639142875489781, 1712125162446964]),
        	T: FieldElement51([1375521252246295, 553808868811097, 122073504873057, 2086904779940973, 1179754969177163])
        }),
    ),
    subspace_id: SubspaceId25(
        [
            64,
            255,
            255,
            255,
            227,
            227,
            227,
            227,
            227,
            227,
            227,
            227,
            227,
            227,
            227,
            227,
            227,
            227,
            227,
            227,
            227,
            227,
            227,
            227,
            227,
            227,
            227,
            227,
            227,
            227,
            227,
            227,
        ],
    ),
    path: Path(
        [],
    ),
    timestamp: 0,
    payload_digest: PayloadDigest25(
        Hash(
            "0000000000000000000000000000000000000000000000000000000000000000",
        ),
    ),
    payload_length: 0,
}