Entry {
    namespace_id: NamespaceId25(
        VerifyingKey(CompressedEdwardsY: [227, 13, 110, 247, 183, 109, 25, 108, 236, 135, 94, 101, 215, 42, 141, 112, 213, 42, 59, 250, 45, 13, 193, 113, 79, 122, 219, 6, 84, 57, 134, 254]), EdwardsPoint{
        	X: FieldElement51([2207807110832707, 1544865664618979, 2150718089940568, 411052327253807, 403071212506378]),
        	Y: FieldElement51([947529987232287, 1513501949219610, 885533329373484, 2224351128287750, 1203910220809446]),
        	Z: FieldElement51([85184962312438, 1601385753397017, 940242465346236, 2158766777859705, 1566776260916099]),
        	T: FieldElement51([2214913410022204, 161395761148997, 1145596795139095, 1519429764803330, 1823299847773668])
        }),
    ),
    subspace_id: SubspaceId25(
        [
            255,
            255,
            0,
            0,
            0,
            68,
            255,
            255,
            223,
            255,
            255,
            255,
            47,
            255,
            255,
            255,
            220,
            26,
            11,
            127,
            123,
            0,
            0,
            255,
            255,
            255,
            255,
            255,
            202,
            255,
            0,
            0,
        ],
    ),
    path: Path(
        [],
    ),
    timestamp: 0,
    payload_digest: PayloadDigest25(
        Hash(
            "0000000000000000000000000000000000000000000000000000000000000000",
        ),
    ),
    payload_length: 0,
}