Entry {
    namespace_id: NamespaceId25(
        VerifyingKey(CompressedEdwardsY: [37, 149, 178, 144, 169, 101, 197, 144, 92, 81, 83, 68, 149, 249, 26, 245, 103, 233, 204, 0, 122, 70, 52, 152, 94, 137, 151, 69, 85, 75, 42, 255]), EdwardsPoint{
        	X: FieldElement51([450043393794843, 13103593045118, 927294607443856, 11922115203561, 389154376641004]),
        	Y: FieldElement51([33172820016538, 420454155355690, 2180274837633693, 485786136673166, 1312140995718707]),
        	Z: FieldElement51([593756725200129, 1796473785356144, 1004246551346844, 1038818827031247, 2114914390243907]),
        	T: FieldElement51([1306871582863985, 94607465043200, 1076889925143122, 12389361608375, 847845824965082])
        }),
    ),
    subspace_id: SubspaceId25(
        [
            0,
            0,
            0,
            0,
            0,
            0,
            63,
            255,
            255,
            255,
            255,
            49,
            255,
            38,
            38,
            45,
            255,
            255,
            255,
            255,
            255,
            255,
            255,
            255,
            255,
            255,
            255,
            47,
            255,
            255,
            255,
            255,
        ],
    ),
    path: Path(
        [
            Component(
                [],
            ),
            Component(
                [
                    255,
                    255,
                    255,
                    255,
                    255,
                    255,
                    53,
                    255,
                    0,
                ],
            ),
        ],
    ),
    timestamp: 0,
    payload_digest: PayloadDigest25(
        Hash(
            "0000000000000000000000000000000000000000000000000000000000000000",
        ),
    ),
    payload_length: 0,
}