Entry {
    namespace_id: NamespaceId25(
        VerifyingKey(CompressedEdwardsY: [140, 135, 230, 231, 0, 245, 121, 13, 133, 32, 60, 40, 5, 153, 246, 49, 0, 158, 233, 156, 62, 29, 106, 249, 217, 50, 31, 108, 115, 48, 58, 254]), EdwardsPoint{
        	X: FieldElement51([292519861077, 1463801555578824, 780703729115053, 196734177316352, 1575905444349716]),
        	Y: FieldElement51([1251585901175899, 164293642630995, 702941003871787, 260130235567299, 2057342135141868]),
        	Z: FieldElement51([104818785047921, 1322631048483162, 612246935619421, 642885086831081, 250470936890592]),
        	T: FieldElement51([137975489616336, 897672396284421, 1927005810477126, 253895615879174, 536319190357115])
        }),
    ),
    subspace_id: SubspaceId25(
        [
            255,
            255,
            255,
            255,
            255,
            49,
            255,
            67,
            255,
            255,
            255,
            255,
            0,
            0,
            0,
            0,
            0,
            0,
            0,
            0,
            0,
            0,
            0,
            0,
            0,
            0,
            0,
            0,
            0,
            0,
            0,
            0,
        ],
    ),
    path: Path(
        [],
    ),
    timestamp: 0,
    payload_digest: PayloadDigest25(
        Hash(
            "0000000000000000000000000000000000000000000000000000000000000000",
        ),
    ),
    payload_length: 0,
}