Entry {
    namespace_id: NamespaceId25(
        VerifyingKey(CompressedEdwardsY: [178, 115, 182, 8, 246, 173, 157, 199, 201, 75, 146, 42, 241, 172, 47, 134, 166, 131, 44, 103, 147, 243, 15, 116, 125, 33, 85, 189, 125, 128, 83, 169]), EdwardsPoint{
        	X: FieldElement51([66209630137910, 441419994626988, 2123950033873740, 532092454179612, 73677856706730]),
        	Y: FieldElement51([1479579237741458, 1693095561426027, 666591462435703, 883582492207372, 733608324768098]),
        	Z: FieldElement51([702047587820553, 1066706981323467, 331020364000893, 1582433516038937, 1207102332990145]),
        	T: FieldElement51([961394577523284, 1655802112991458, 99543315150413, 833194860901181, 1721223508605577])
        }),
    ),
    subspace_id: SubspaceId25(
        [
            0,
            0,
            0,
            0,
            0,
            0,
            0,
            0,
            0,
            0,
            0,
            0,
            0,
            0,
            0,
            0,
            0,
            0,
            0,
            0,
            0,
            0,
            0,
            0,
            0,
            0,
            0,
            0,
            0,
            0,
            0,
            0,
        ],
    ),
    path: Path(
        [],
    ),
    timestamp: 0,
    payload_digest: PayloadDigest25(
        Hash(
            "0000000000000000000000000000000000000000000000000000000000000000",
        ),
    ),
    payload_length: 0,
}