Entry {
    namespace_id: NamespaceId25(
        VerifyingKey(CompressedEdwardsY: [107, 86, 151, 255, 60, 219, 227, 89, 203, 14, 77, 123, 206, 65, 226, 220, 180, 136, 90, 83, 99, 58, 48, 79, 204, 169, 129, 188, 186, 208, 152, 255]), EdwardsPoint{
        	X: FieldElement51([1717600993693962, 1273226048714882, 209910395893055, 1471557842729170, 1399152778002908]),
        	Y: FieldElement51([974616898369374, 1848053905162020, 420852697423063, 1897646623391610, 366256688866163]),
        	Z: FieldElement51([449856939680920, 283043072114100, 2151184516108791, 1350355122640500, 890794224409367]),
        	T: FieldElement51([2073008647260985, 1175573905826930, 1199042538824969, 2210300527278670, 1785157536446777])
        }),
    ),
    subspace_id: SubspaceId25(
        [
            0,
            0,
            0,
            0,
            0,
            0,
            63,
            255,
            255,
            255,
            255,
            50,
            255,
            38,
            38,
            45,
            255,
            255,
            255,
            255,
            255,
            255,
            255,
            255,
            255,
            255,
            255,
            47,
            255,
            255,
            255,
            255,
        ],
    ),
    path: Path(
        [],
    ),
    timestamp: 0,
    payload_digest: PayloadDigest25(
        Hash(
            "0000000000000000000000000000000000000000000000000000000000000000",
        ),
    ),
    payload_length: 0,
}