Entry {
    namespace_id: NamespaceId25(
        VerifyingKey(CompressedEdwardsY: [32, 11, 242, 162, 252, 55, 154, 114, 171, 135, 91, 131, 86, 232, 34, 1, 122, 200, 125, 100, 255, 130, 182, 71, 52, 139, 152, 163, 112, 26, 146, 254]), EdwardsPoint{
        	X: FieldElement51([1565179789064904, 237061025724255, 984260542981686, 28710074547735, 1557397797898598]),
        	Y: FieldElement51([1759757977509768, 769003018953115, 1090473233012516, 1077426127829812, 1569226811828177]),
        	Z: FieldElement51([957810909718915, 968993404858645, 1962372674398974, 1494800732581480, 1131936657243058]),
        	T: FieldElement51([682563102829507, 653008034215488, 1695310933121381, 690413108466806, 2055027015165035])
        }),
    ),
    subspace_id: SubspaceId25(
        [
            255,
            255,
            255,
            255,
            255,
            255,
            255,
            255,
            255,
            255,
            255,
            255,
            255,
            255,
            255,
            255,
            255,
            255,
            255,
            255,
            255,
            255,
            227,
            227,
            227,
            227,
            227,
            227,
            227,
            227,
            227,
            227,
        ],
    ),
    path: Path(
        [],
    ),
    timestamp: 0,
    payload_digest: PayloadDigest25(
        Hash(
            "0000000000000000000000000000000000000000000000000000000000000000",
        ),
    ),
    payload_length: 0,
}