Entry {
    namespace_id: NamespaceId25(
        VerifyingKey(CompressedEdwardsY: [244, 36, 103, 196, 233, 178, 158, 5, 102, 237, 19, 11, 131, 88, 143, 84, 129, 116, 166, 27, 105, 61, 16, 58, 190, 105, 71, 52, 144, 68, 91, 255]), EdwardsPoint{
        	X: FieldElement51([1311596016167599, 1357193837106045, 482043253950348, 1428034723381343, 1471195604780759]),
        	Y: FieldElement51([1249132906000522, 443185876477984, 2129871018158873, 828932350806051, 606660808813903]),
        	Z: FieldElement51([2207598147924811, 2205998625643557, 291071311630796, 1632955948728883, 1934764508512409]),
        	T: FieldElement51([411887246922101, 1972101830434824, 2092001731941120, 652204938365281, 1250702512017690])
        }),
    ),
    subspace_id: SubspaceId25(
        [
            255,
            255,
            255,
            255,
            211,
            0,
            0,
            0,
            0,
            0,
            31,
            249,
            255,
            255,
            255,
            255,
            255,
            255,
            255,
            255,
            255,
            255,
            255,
            253,
            255,
            255,
            43,
            67,
            255,
            255,
            202,
            255,
        ],
    ),
    path: Path(
        [],
    ),
    timestamp: 0,
    payload_digest: PayloadDigest25(
        Hash(
            "0000000000000000000000000000000000000000000000000000000000000000",
        ),
    ),
    payload_length: 0,
}