Entry {
    namespace_id: NamespaceId25(
        VerifyingKey(CompressedEdwardsY: [182, 98, 18, 158, 5, 153, 8, 249, 6, 65, 132, 12, 0, 128, 51, 65, 197, 221, 140, 100, 89, 194, 217, 25, 230, 182, 108, 9, 203, 114, 223, 229]), EdwardsPoint{
        	X: FieldElement51([1485697670558171, 1185353830830315, 436405228365537, 518758681140418, 1694530617741363]),
        	Y: FieldElement51([356762057557341, 512102696436991, 981538786897591, 1829652816248675, 612635808530886]),
        	Z: FieldElement51([1730063548317978, 2223520839702052, 2021264531423970, 1536124671824114, 763980401628186]),
        	T: FieldElement51([99545191973060, 871088465680380, 158484195708030, 1163270891229298, 90370740795114])
        }),
    ),
    subspace_id: SubspaceId25(
        [
            0,
            0,
            8,
            255,
            255,
            10,
            255,
            0,
            1,
            59,
            0,
            10,
            0,
            1,
            59,
            0,
            10,
            1,
            0,
            0,
            0,
            1,
            255,
            38,
            255,
            49,
            65,
            255,
            47,
            255,
            255,
            255,
        ],
    ),
    path: Path(
        [],
    ),
    timestamp: 18446744073709551615,
    payload_digest: PayloadDigest25(
        Hash(
            "ffff020000000000000000000000000000000000000000000000000000000000",
        ),
    ),
    payload_length: 0,
}