Entry {
    namespace_id: NamespaceId25(
        VerifyingKey(CompressedEdwardsY: [99, 124, 202, 166, 20, 130, 20, 183, 40, 201, 168, 2, 78, 159, 52, 9, 147, 98, 23, 52, 138, 134, 117, 225, 53, 244, 140, 45, 175, 198, 124, 189]), EdwardsPoint{
        	X: FieldElement51([2068981143344772, 950540095766445, 1937457657171936, 1393144792200371, 1295060500279497]),
        	Y: FieldElement51([2140408216639373, 1131349202942997, 182750318933151, 820457044483173, 1347464060763876]),
        	Z: FieldElement51([724957767069616, 1863156975508429, 919034167786616, 1137802726603896, 478061005050037]),
        	T: FieldElement51([502301749185027, 193697893240262, 1729818215211932, 880079062930701, 797632438530181])
        }),
    ),
    subspace_id: SubspaceId25(
        [
            0,
            0,
            0,
            0,
            49,
            255,
            255,
            255,
            255,
            255,
            255,
            255,
            255,
            255,
            255,
            253,
            255,
            255,
            43,
            83,
            83,
            83,
            83,
            83,
            255,
            255,
            255,
            0,
            255,
            255,
            255,
            255,
        ],
    ),
    path: Path(
        [],
    ),
    timestamp: 0,
    payload_digest: PayloadDigest25(
        Hash(
            "0000000000000000000000000000000000000000000000000000000000000000",
        ),
    ),
    payload_length: 0,
}