Entry {
    namespace_id: NamespaceId25(
        VerifyingKey(CompressedEdwardsY: [34, 250, 9, 49, 115, 104, 20, 174, 65, 36, 247, 215, 231, 86, 87, 168, 32, 101, 92, 117, 1, 48, 229, 40, 168, 72, 196, 43, 219, 177, 99, 254]), EdwardsPoint{
        	X: FieldElement51([2019497844104343, 372112453539895, 1150591647549918, 2140958959182214, 1775934227397882]),
        	Y: FieldElement51([1950406412797629, 1598362695573207, 1429668600230017, 239974005686185, 1811595075636572]),
        	Z: FieldElement51([698291242967248, 1455264631254267, 241871537637718, 373297612077808, 1336431147850328]),
        	T: FieldElement51([491088514275168, 1221757446367250, 1000258489770618, 571743497140120, 113545061149384])
        }),
    ),
    subspace_id: SubspaceId25(
        [
            0,
            0,
            0,
            0,
            0,
            0,
            0,
            0,
            0,
            0,
            0,
            0,
            0,
            0,
            0,
            0,
            0,
            0,
            0,
            0,
            0,
            0,
            0,
            0,
            0,
            0,
            0,
            0,
            0,
            0,
            0,
            0,
        ],
    ),
    path: Path(
        [],
    ),
    timestamp: 0,
    payload_digest: PayloadDigest25(
        Hash(
            "0000000000000000000000000000000000000000000000000000000000000000",
        ),
    ),
    payload_length: 0,
}