Entry {
    namespace_id: NamespaceId25(
        VerifyingKey(CompressedEdwardsY: [148, 48, 225, 250, 196, 103, 119, 111, 100, 190, 144, 127, 82, 8, 138, 194, 124, 65, 7, 9, 49, 204, 119, 126, 181, 246, 20, 5, 141, 66, 33, 1]), EdwardsPoint{
        	X: FieldElement51([769710873821796, 1355443965341853, 1121763529923402, 1774047577663385, 1374525208770690]),
        	Y: FieldElement51([1396521580007065, 1941212192929773, 840789493327590, 1634910702098135, 1833677286235326]),
        	Z: FieldElement51([1261701467679586, 636712379855915, 460180481714326, 1332707407994458, 624999552141323]),
        	T: FieldElement51([1418291315984373, 1864888695816507, 508365698090874, 2030813273584078, 257971071741739])
        }),
    ),
    subspace_id: SubspaceId25(
        [
            0,
            0,
            0,
            0,
            0,
            0,
            0,
            0,
            0,
            0,
            0,
            0,
            0,
            0,
            0,
            0,
            0,
            0,
            0,
            0,
            0,
            0,
            0,
            0,
            0,
            0,
            0,
            0,
            0,
            0,
            0,
            0,
        ],
    ),
    path: Path(
        [],
    ),
    timestamp: 0,
    payload_digest: PayloadDigest25(
        Hash(
            "0000000000000000000000000000000000000000000000000000000000000000",
        ),
    ),
    payload_length: 0,
}