Entry {
    namespace_id: NamespaceId25(
        VerifyingKey(CompressedEdwardsY: [107, 107, 158, 198, 228, 231, 124, 155, 178, 172, 212, 160, 125, 61, 212, 226, 213, 15, 21, 79, 57, 193, 165, 250, 40, 105, 122, 177, 169, 134, 176, 95]), EdwardsPoint{
        	X: FieldElement51([75930701374033, 2043564341026412, 1976343479516095, 980421526169101, 1889369871151202]),
        	Y: FieldElement51([1544124539377113, 1010924673099994, 969812906814737, 2088043336855201, 127397643356010]),
        	Z: FieldElement51([6928663194546, 2032019882683344, 1863896752241506, 599523651275818, 1204819776893736]),
        	T: FieldElement51([389308044919314, 1806257991946402, 1591324269345436, 1402323145771748, 824866504442553])
        }),
    ),
    subspace_id: SubspaceId25(
        [
            0,
            0,
            0,
            0,
            0,
            0,
            0,
            0,
            0,
            0,
            0,
            0,
            0,
            0,
            0,
            0,
            0,
            0,
            0,
            0,
            0,
            0,
            0,
            0,
            0,
            0,
            0,
            0,
            0,
            0,
            0,
            0,
        ],
    ),
    path: Path(
        [],
    ),
    timestamp: 0,
    payload_digest: PayloadDigest25(
        Hash(
            "0000000000000000000000000000000000000000000000000000000000000000",
        ),
    ),
    payload_length: 0,
}