Entry {
    namespace_id: NamespaceId25(
        VerifyingKey(CompressedEdwardsY: [244, 134, 168, 224, 145, 210, 68, 161, 147, 149, 184, 100, 183, 200, 233, 150, 133, 56, 23, 97, 204, 138, 255, 18, 80, 232, 154, 177, 242, 103, 199, 51]), EdwardsPoint{
        	X: FieldElement51([1463998754270908, 1590265789031033, 173236614438506, 2169632951450197, 744705330362663]),
        	Y: FieldElement51([390713996843026, 1027907870076486, 2094549296560018, 1270706433308338, 1635418333218501]),
        	Z: FieldElement51([1063605734805984, 1084206133118038, 2084288296262517, 1597236454753174, 1543168436217263]),
        	T: FieldElement51([1706816252856481, 286640763194819, 1285949152235829, 1349434958232769, 483614064888684])
        }),
    ),
    subspace_id: SubspaceId25(
        [
            29,
            60,
            60,
            255,
            255,
            255,
            255,
            255,
            255,
            255,
            255,
            255,
            255,
            255,
            255,
            255,
            255,
            255,
            255,
            255,
            255,
            255,
            255,
            255,
            255,
            255,
            255,
            255,
            255,
            255,
            255,
            255,
        ],
    ),
    path: Path(
        [],
    ),
    timestamp: 0,
    payload_digest: PayloadDigest25(
        Hash(
            "0000000000000000000000000000000000000000000000000000000000000000",
        ),
    ),
    payload_length: 0,
}