Entry {
    namespace_id: NamespaceId25(
        VerifyingKey(CompressedEdwardsY: [161, 241, 158, 183, 138, 198, 51, 61, 94, 127, 29, 97, 132, 85, 111, 169, 185, 138, 152, 54, 133, 38, 140, 118, 75, 136, 16, 4, 251, 250, 227, 170]), EdwardsPoint{
        	X: FieldElement51([1055279741355772, 1304795688180092, 2222168945795070, 129818250439187, 1610712446555173]),
        	Y: FieldElement51([693757886629939, 419717107823721, 520540548234772, 1318533542720784, 319514867932992]),
        	Z: FieldElement51([1184321519778855, 9141260509735, 1475373495929796, 2013439765914033, 333303433650016]),
        	T: FieldElement51([2034248638486446, 1055877877065436, 667246097530482, 25050139740686, 1511839425663459])
        }),
    ),
    subspace_id: SubspaceId25(
        [
            0,
            0,
            0,
            0,
            0,
            0,
            63,
            255,
            255,
            255,
            255,
            49,
            255,
            38,
            38,
            38,
            255,
            255,
            255,
            255,
            255,
            255,
            255,
            255,
            255,
            44,
            255,
            47,
            255,
            255,
            255,
            255,
        ],
    ),
    path: Path(
        [],
    ),
    timestamp: 18446744073709486080,
    payload_digest: PayloadDigest25(
        Hash(
            "ffffffffffffffffffffffff000000ffffffffffffffffffffffffffffff0000",
        ),
    ),
    payload_length: 0,
}