Entry {
    namespace_id: NamespaceId25(
        VerifyingKey(CompressedEdwardsY: [222, 109, 251, 136, 207, 5, 211, 210, 53, 202, 219, 24, 211, 227, 237, 128, 177, 189, 36, 45, 199, 141, 32, 13, 77, 196, 197, 238, 192, 160, 98, 255]), EdwardsPoint{
        	X: FieldElement51([249158928996350, 1860628126130356, 830358021021665, 1968010987431044, 234010350729121]),
        	Y: FieldElement51([1968425645214706, 1521203365223566, 2111634482154534, 2125174849093532, 239385292180320]),
        	Z: FieldElement51([3345118116327, 467294288258022, 519729129549666, 1641761476143290, 886358223918353]),
        	T: FieldElement51([846633886473504, 1288302393311781, 1212284008582705, 1850978693722111, 1185298701068625])
        }),
    ),
    subspace_id: SubspaceId25(
        [
            122,
            255,
            255,
            255,
            47,
            255,
            255,
            255,
            255,
            255,
            255,
            255,
            45,
            255,
            255,
            255,
            255,
            255,
            255,
            255,
            255,
            223,
            255,
            255,
            255,
            255,
            255,
            255,
            255,
            255,
            255,
            255,
        ],
    ),
    path: Path(
        [],
    ),
    timestamp: 0,
    payload_digest: PayloadDigest25(
        Hash(
            "0000000000000000000000000000000000000000000000000000000000000000",
        ),
    ),
    payload_length: 0,
}