Entry {
    namespace_id: NamespaceId25(
        VerifyingKey(CompressedEdwardsY: [30, 181, 36, 79, 171, 28, 193, 19, 110, 73, 216, 199, 163, 100, 215, 164, 123, 57, 70, 138, 23, 69, 76, 239, 206, 90, 105, 234, 227, 255, 238, 151]), EdwardsPoint{
        	X: FieldElement51([1968715524995537, 700905691952064, 424518995294615, 2213282357122514, 1744446873109222]),
        	Y: FieldElement51([1361308467789090, 1194656920782128, 551385898004724, 113852147145944, 1760273182937754]),
        	Z: FieldElement51([1405928851979178, 1935289352956466, 1093491169537781, 1646883405833338, 478265814067786]),
        	T: FieldElement51([813666656621609, 839588973066658, 1963463510199224, 190304720319269, 2117232324997300])
        }),
    ),
    subspace_id: SubspaceId25(
        [
            0,
            0,
            0,
            72,
            255,
            255,
            10,
            255,
            0,
            59,
            255,
            255,
            19,
            95,
            95,
            95,
            95,
            95,
            95,
            95,
            95,
            95,
            95,
            95,
            95,
            95,
            95,
            95,
            95,
            36,
            95,
            95,
        ],
    ),
    path: Path(
        [],
    ),
    timestamp: 0,
    payload_digest: PayloadDigest25(
        Hash(
            "0000000000000000000000000000000000000000000000000000000000000000",
        ),
    ),
    payload_length: 0,
}