Entry {
    namespace_id: NamespaceId25(
        VerifyingKey(CompressedEdwardsY: [106, 112, 86, 149, 75, 206, 63, 8, 65, 123, 244, 140, 71, 116, 103, 2, 139, 155, 108, 190, 180, 254, 160, 102, 248, 177, 115, 251, 196, 239, 30, 5]), EdwardsPoint{
        	X: FieldElement51([2221007328528637, 1523845775572936, 1710110052470857, 1409183719057107, 37226370640427]),
        	Y: FieldElement51([485608853060216, 107997108324763, 1380574445682971, 198127559461155, 1653883038584994]),
        	Z: FieldElement51([315168767592017, 132113986970361, 164867222561127, 474348955123388, 847027537336699]),
        	T: FieldElement51([36187855564981, 696180159025083, 820209959653450, 321039706696547, 556808353351003])
        }),
    ),
    subspace_id: SubspaceId25(
        [
            0,
            0,
            0,
            0,
            0,
            0,
            63,
            255,
            255,
            255,
            255,
            49,
            255,
            38,
            38,
            38,
            255,
            255,
            255,
            255,
            255,
            255,
            255,
            255,
            255,
            255,
            255,
            255,
            255,
            255,
            255,
            255,
        ],
    ),
    path: Path(
        [],
    ),
    timestamp: 0,
    payload_digest: PayloadDigest25(
        Hash(
            "0000000000000000000000000000000000000000000000000000000000000000",
        ),
    ),
    payload_length: 0,
}