Entry {
    namespace_id: NamespaceId25(
        VerifyingKey(CompressedEdwardsY: [73, 42, 45, 195, 36, 235, 33, 124, 217, 50, 13, 72, 74, 20, 132, 217, 116, 115, 237, 178, 245, 222, 242, 11, 88, 136, 31, 195, 44, 69, 68, 35]), EdwardsPoint{
        	X: FieldElement51([1426933182853542, 245077114899311, 630912330023790, 221981926044757, 985755031112696]),
        	Y: FieldElement51([625634376204431, 1599478489756071, 235847938992150, 1539628000128428, 1327069796022249]),
        	Z: FieldElement51([413361568203425, 1792511725167902, 1874456246209667, 308165928797924, 1879802518529406]),
        	T: FieldElement51([2125878244150261, 601053461265553, 641668406620224, 1058856120014550, 2247060091606575])
        }),
    ),
    subspace_id: SubspaceId25(
        [
            0,
            0,
            0,
            0,
            0,
            2,
            31,
            31,
            31,
            31,
            31,
            31,
            31,
            2,
            0,
            0,
            0,
            0,
            0,
            0,
            0,
            0,
            0,
            0,
            0,
            0,
            0,
            0,
            0,
            0,
            0,
            0,
        ],
    ),
    path: Path(
        [],
    ),
    timestamp: 0,
    payload_digest: PayloadDigest25(
        Hash(
            "0000000000000000000000000000000000000000000000000000000000000000",
        ),
    ),
    payload_length: 0,
}