Entry {
    namespace_id: NamespaceId25(
        VerifyingKey(CompressedEdwardsY: [29, 193, 150, 205, 221, 133, 203, 225, 46, 14, 10, 7, 215, 130, 22, 198, 223, 173, 78, 30, 54, 44, 1, 155, 144, 28, 63, 171, 75, 218, 159, 48]), EdwardsPoint{
        	X: FieldElement51([877344713155162, 671333465283152, 1410864080016946, 341434771467854, 1678487864950911]),
        	Y: FieldElement51([1667317481200771, 1419794867540903, 658525853852860, 1267715762666070, 1395824340917708]),
        	Z: FieldElement51([1391231934138196, 350889104194926, 1334040733784536, 1871767868314693, 1135183931121038]),
        	T: FieldElement51([1174265562370763, 1190279197876883, 1278300566316678, 1847467897839329, 1078461769378936])
        }),
    ),
    subspace_id: SubspaceId25(
        [
            0,
            0,
            0,
            0,
            0,
            0,
            0,
            0,
            0,
            0,
            0,
            0,
            0,
            0,
            0,
            0,
            0,
            0,
            0,
            0,
            0,
            0,
            0,
            0,
            0,
            0,
            0,
            0,
            0,
            0,
            0,
            0,
        ],
    ),
    path: Path(
        [],
    ),
    timestamp: 0,
    payload_digest: PayloadDigest25(
        Hash(
            "0000000000000000000000000000000000000000000000000000000000000000",
        ),
    ),
    payload_length: 0,
}