Entry {
    namespace_id: NamespaceId25(
        VerifyingKey(CompressedEdwardsY: [202, 106, 97, 57, 243, 249, 135, 160, 162, 204, 193, 248, 99, 58, 27, 185, 198, 150, 18, 53, 38, 176, 230, 204, 239, 30, 33, 61, 138, 254, 221, 254]), EdwardsPoint{
        	X: FieldElement51([1535345619320932, 868521845599183, 911867596673470, 117715426454492, 1144341803080167]),
        	Y: FieldElement51([313538740873381, 1058065897762764, 954206992269910, 286161617606754, 1730027858762925]),
        	Z: FieldElement51([487952761014686, 609029691732472, 1693114823121882, 1070638171755651, 1434170916030121]),
        	T: FieldElement51([1868116360599039, 1411535885859442, 1460451160731068, 1208486688607406, 892741828100929])
        }),
    ),
    subspace_id: SubspaceId25(
        [
            0,
            0,
            0,
            2,
            0,
            0,
            47,
            255,
            255,
            5,
            251,
            0,
            205,
            0,
            255,
            49,
            38,
            38,
            45,
            255,
            255,
            255,
            255,
            255,
            61,
            255,
            255,
            255,
            255,
            255,
            255,
            47,
        ],
    ),
    path: Path(
        [],
    ),
    timestamp: 18446743180356354047,
    payload_digest: PayloadDigest25(
        Hash(
            "ffffffffffffffffffffffffffffffff3528ffffffffff0043ffffffff000000",
        ),
    ),
    payload_length: 0,
}