Entry {
    namespace_id: NamespaceId25(
        VerifyingKey(CompressedEdwardsY: [9, 70, 227, 148, 74, 30, 200, 135, 247, 192, 192, 83, 140, 235, 128, 123, 184, 86, 78, 131, 44, 195, 255, 141, 237, 126, 66, 194, 82, 158, 159, 241]), EdwardsPoint{
        	X: FieldElement51([1867738648198604, 62562917747875, 1163393865550931, 2205677663804738, 931642411125967]),
        	Y: FieldElement51([653305700246278, 587827061322860, 71335195611336, 1039812897873890, 1055419261850842]),
        	Z: FieldElement51([1026998612836993, 1086801462507215, 528318109775143, 1210105984130361, 542253212106593]),
        	T: FieldElement51([1661728422247770, 2156014256861087, 153650599151001, 595469938480559, 1031772674911373])
        }),
    ),
    subspace_id: SubspaceId25(
        [
            0,
            0,
            0,
            0,
            0,
            0,
            0,
            0,
            0,
            0,
            0,
            0,
            0,
            0,
            0,
            0,
            0,
            0,
            0,
            0,
            0,
            0,
            0,
            0,
            0,
            0,
            0,
            0,
            0,
            0,
            0,
            0,
        ],
    ),
    path: Path(
        [],
    ),
    timestamp: 0,
    payload_digest: PayloadDigest25(
        Hash(
            "0000000000000000000000000000000000000000000000000000000000000000",
        ),
    ),
    payload_length: 0,
}